NEW ITER
17463.0, 14248.0
16559.0, 14281.0
16481.0, 14701.0
NEW ITER
18582.0, 13843.0
18412.0, 14507.0
17977.0, 14628.0
17899.0, 14923.0
17763.0, 15000.0
17661.0, 15112.0
17591.0, 15284.0
17399.0, 15330.0
17337.0, 15465.0
16794.0, 15534.0
16731.0, 15586.0
NEW ITER
19310.0, 13892.0
19251.0, 14483.0
19198.0, 14685.0
19187.0, 15188.0
18593.0, 15470.0
18586.0, 15754.0
18479.0, 16255.0
17650.0, 16298.0
17284.0, 16341.0
NEW ITER
19977.0, 13832.0
19905.0, 14695.0
19805.0, 14877.0
19792.0, 14919.0
19772.0, 15130.0
19757.0, 15282.0
19633.0, 15586.0
19500.0, 16021.0
19169.0, 16266.0
19169.0, 16266.0
19051.0, 16422.0
18982.0, 16566.0
18886.0, 16607.0
18153.0, 16609.0
18057.0, 16650.0
17867.0, 16853.0
17867.0, 16853.0
16867.0, 17174.0
NEW ITER
20452.0, 13731.0
20416.0, 13923.0
20373.0, 14271.0
20360.0, 14313.0
20340.0, 14524.0
20285.0, 15058.0
20197.0, 15170.0
20197.0, 15170.0
20068.0, 15415.0
20013.0, 15949.0
19763.0, 15984.0
19763.0, 15984.0
19719.0, 16006.0
19719.0, 16006.0
19701.0, 16227.0
19636.0, 16364.0
19636.0, 16364.0
19636.0, 16364.0
19567.0, 16508.0
19567.0, 16508.0
19567.0, 16508.0
19471.0, 16549.0
19471.0, 16549.0
19471.0, 16549.0
19456.0, 16701.0
19330.0, 16839.0
19330.0, 16839.0
19234.0, 16880.0
19234.0, 16880.0
18964.0, 16882.0
18868.0, 16923.0
18697.0, 16958.0
18460.0, 16995.0
18439.0, 17020.0
18439.0, 17020.0
18370.0, 17164.0
18370.0, 17164.0
18370.0, 17164.0
18334.0, 17264.0
17505.0, 17307.0
17439.0, 17341.0
17370.0, 17485.0
17270.0, 17519.0
