NEW ITER
14668.0, 14427.0
14233.0, 15779.0
NEW ITER
16668.0, 15794.0
16171.0, 16319.0
16142.0, 17087.0
14676.0, 17136.0
14217.0, 17325.0
NEW ITER
18064.0, 16557.0
17746.0, 16715.0
17634.0, 17142.0
17550.0, 17527.0
17394.0, 17727.0
16978.0, 17832.0
16955.0, 18494.0
NEW ITER
19837.0, 16524.0
19798.0, 17096.0
19353.0, 17362.0
19158.0, 18766.0
17970.0, 18840.0
17898.0, 19371.0
NEW ITER
20697.0, 17361.0
20241.0, 17706.0
20071.0, 17858.0
20028.0, 18431.0
19780.0, 18587.0
19667.0, 18772.0
19650.0, 18933.0
19549.0, 18965.0
19452.0, 19051.0
19320.0, 19053.0
19202.0, 19209.0
19020.0, 19615.0
18786.0, 19715.0
18491.0, 20306.0
