NEW ITER
22213.0, 19049.0
22213.0, 19049.0
22213.0, 19049.0
22213.0, 19049.0
NEW ITER
22234.0, 18360.0
22234.0, 18360.0
22234.0, 18360.0
22234.0, 18360.0
22234.0, 18360.0
22234.0, 18360.0
22234.0, 18360.0
22234.0, 18360.0
22213.0, 19049.0
22213.0, 19049.0
22213.0, 19049.0
22213.0, 19049.0
NEW ITER
22234.0, 18360.0
22234.0, 18360.0
22234.0, 18360.0
22234.0, 18360.0
22234.0, 18360.0
22234.0, 18360.0
22234.0, 18360.0
22234.0, 18360.0
22234.0, 18360.0
22234.0, 18360.0
22234.0, 18360.0
22234.0, 18360.0
22234.0, 18360.0
22234.0, 18360.0
22234.0, 18360.0
22234.0, 18360.0
22213.0, 19049.0
22213.0, 19049.0
22213.0, 19049.0
22213.0, 19049.0
22213.0, 19049.0
22213.0, 19049.0
22213.0, 19049.0
22213.0, 19049.0
NEW ITER
22234.0, 18360.0
22234.0, 18360.0
22234.0, 18360.0
22234.0, 18360.0
22234.0, 18360.0
22234.0, 18360.0
22234.0, 18360.0
22234.0, 18360.0
22234.0, 18360.0
22234.0, 18360.0
22234.0, 18360.0
22234.0, 18360.0
22234.0, 18360.0
22234.0, 18360.0
22234.0, 18360.0
22234.0, 18360.0
22234.0, 18360.0
22234.0, 18360.0
22234.0, 18360.0
22234.0, 18360.0
22234.0, 18360.0
22234.0, 18360.0
22234.0, 18360.0
22234.0, 18360.0
22234.0, 18360.0
22234.0, 18360.0
22234.0, 18360.0
22234.0, 18360.0
22234.0, 18360.0
22234.0, 18360.0
22234.0, 18360.0
22234.0, 18360.0
22213.0, 19049.0
22213.0, 19049.0
22213.0, 19049.0
22213.0, 19049.0
22213.0, 19049.0
22213.0, 19049.0
22213.0, 19049.0
22213.0, 19049.0
22213.0, 19049.0
22213.0, 19049.0
22213.0, 19049.0
22213.0, 19049.0
NEW ITER
22234.0, 18360.0
22234.0, 18360.0
22234.0, 18360.0
22234.0, 18360.0
22234.0, 18360.0
22234.0, 18360.0
22234.0, 18360.0
22234.0, 18360.0
22234.0, 18360.0
22234.0, 18360.0
22234.0, 18360.0
22234.0, 18360.0
22234.0, 18360.0
22234.0, 18360.0
22234.0, 18360.0
22234.0, 18360.0
22234.0, 18360.0
22234.0, 18360.0
22234.0, 18360.0
22234.0, 18360.0
22234.0, 18360.0
22234.0, 18360.0
22234.0, 18360.0
22234.0, 18360.0
22234.0, 18360.0
22234.0, 18360.0
22234.0, 18360.0
22234.0, 18360.0
22234.0, 18360.0
22234.0, 18360.0
22234.0, 18360.0
22234.0, 18360.0
22234.0, 18360.0
22234.0, 18360.0
22234.0, 18360.0
22234.0, 18360.0
22234.0, 18360.0
22234.0, 18360.0
22234.0, 18360.0
22234.0, 18360.0
22213.0, 19049.0
22213.0, 19049.0
22213.0, 19049.0
22213.0, 19049.0
22213.0, 19049.0
22213.0, 19049.0
22213.0, 19049.0
22213.0, 19049.0
22213.0, 19049.0
22213.0, 19049.0
22213.0, 19049.0
22213.0, 19049.0
22213.0, 19049.0
22213.0, 19049.0
22213.0, 19049.0
22213.0, 19049.0
