NEW ITER
12916.0, 10535.0
12916.0, 10535.0
12916.0, 10535.0
12916.0, 10535.0
12836.0, 10998.0
12836.0, 10998.0
12836.0, 10998.0
12836.0, 10998.0
11541.0, 11062.0
11541.0, 11062.0
NEW ITER
12916.0, 10535.0
12916.0, 10535.0
12916.0, 10535.0
12916.0, 10535.0
12836.0, 10998.0
12836.0, 10998.0
12836.0, 10998.0
12836.0, 10998.0
12458.0, 11320.0
12458.0, 11320.0
12458.0, 11320.0
12458.0, 11320.0
11932.0, 11412.0
11932.0, 11412.0
11932.0, 11412.0
11932.0, 11412.0
NEW ITER
12916.0, 10535.0
12916.0, 10535.0
12916.0, 10535.0
12916.0, 10535.0
12836.0, 10998.0
12836.0, 10998.0
12836.0, 10998.0
12836.0, 10998.0
12736.0, 11655.0
12736.0, 11655.0
12736.0, 11655.0
12736.0, 11655.0
12736.0, 11655.0
12736.0, 11655.0
12736.0, 11655.0
12736.0, 11655.0
NEW ITER
12916.0, 10535.0
12916.0, 10535.0
12916.0, 10535.0
12916.0, 10535.0
12836.0, 10998.0
12836.0, 10998.0
12836.0, 10998.0
12836.0, 10998.0
12736.0, 11655.0
12736.0, 11655.0
12736.0, 11655.0
12736.0, 11655.0
12736.0, 11655.0
12736.0, 11655.0
12736.0, 11655.0
12736.0, 11655.0
