NEW ITER
7847.0, 6319.0
7847.0, 6319.0
7847.0, 6319.0
7847.0, 6319.0
7241.0, 6874.0
7241.0, 6874.0
7241.0, 6874.0
7241.0, 6874.0
NEW ITER
7847.0, 6319.0
7847.0, 6319.0
7847.0, 6319.0
7847.0, 6319.0
7637.0, 6625.0
7637.0, 6625.0
7637.0, 6625.0
7637.0, 6625.0
7330.0, 6826.0
7330.0, 6826.0
7330.0, 6826.0
7330.0, 6826.0
7241.0, 6874.0
7241.0, 6874.0
7241.0, 6874.0
7241.0, 6874.0
NEW ITER
7847.0, 6319.0
7847.0, 6319.0
7847.0, 6319.0
7847.0, 6319.0
7637.0, 6625.0
7637.0, 6625.0
7637.0, 6625.0
7637.0, 6625.0
7637.0, 6625.0
7637.0, 6625.0
7330.0, 6826.0
7330.0, 6826.0
7330.0, 6826.0
7330.0, 6826.0
7330.0, 6826.0
7330.0, 6826.0
7330.0, 6826.0
7330.0, 6826.0
7330.0, 6826.0
7330.0, 6826.0
7330.0, 6826.0
7330.0, 6826.0
7241.0, 6874.0
7241.0, 6874.0
7241.0, 6874.0
7241.0, 6874.0
NEW ITER
7856.0, 6734.0
7856.0, 6734.0
7856.0, 6734.0
7856.0, 6734.0
7330.0, 6826.0
7330.0, 6826.0
7330.0, 6826.0
7330.0, 6826.0
7330.0, 6826.0
7330.0, 6826.0
7330.0, 6826.0
7330.0, 6826.0
7330.0, 6826.0
7330.0, 6826.0
7330.0, 6826.0
7330.0, 6826.0
7241.0, 6874.0
7241.0, 6874.0
7241.0, 6874.0
7241.0, 6874.0
7241.0, 6874.0
7241.0, 6874.0
7241.0, 6874.0
7241.0, 6874.0
7241.0, 6874.0
7241.0, 6874.0
7241.0, 6874.0
7241.0, 6874.0
7241.0, 6874.0
7241.0, 6874.0
7241.0, 6874.0
7241.0, 6874.0
7241.0, 6874.0
7241.0, 6874.0
7241.0, 6874.0
7241.0, 6874.0
NEW ITER
7856.0, 6734.0
7856.0, 6734.0
7856.0, 6734.0
7856.0, 6734.0
7330.0, 6826.0
7330.0, 6826.0
7330.0, 6826.0
7330.0, 6826.0
7330.0, 6826.0
7330.0, 6826.0
7330.0, 6826.0
7330.0, 6826.0
7330.0, 6826.0
7330.0, 6826.0
7330.0, 6826.0
7330.0, 6826.0
7330.0, 6826.0
7330.0, 6826.0
7330.0, 6826.0
7330.0, 6826.0
7330.0, 6826.0
7330.0, 6826.0
7330.0, 6826.0
7330.0, 6826.0
7330.0, 6826.0
7330.0, 6826.0
7330.0, 6826.0
7330.0, 6826.0
7330.0, 6826.0
7330.0, 6826.0
7330.0, 6826.0
7330.0, 6826.0
7330.0, 6826.0
7330.0, 6826.0
7330.0, 6826.0
7330.0, 6826.0
7330.0, 6826.0
7330.0, 6826.0
7330.0, 6826.0
7330.0, 6826.0
7330.0, 6826.0
7330.0, 6826.0
7330.0, 6826.0
7330.0, 6826.0
7330.0, 6826.0
7330.0, 6826.0
7330.0, 6826.0
7330.0, 6826.0
7330.0, 6826.0
7330.0, 6826.0
7330.0, 6826.0
7330.0, 6826.0
7241.0, 6874.0
7241.0, 6874.0
7241.0, 6874.0
7241.0, 6874.0
7241.0, 6874.0
7241.0, 6874.0
7241.0, 6874.0
7241.0, 6874.0
7241.0, 6874.0
7241.0, 6874.0
7241.0, 6874.0
7241.0, 6874.0
7241.0, 6874.0
7241.0, 6874.0
7241.0, 6874.0
7241.0, 6874.0
7241.0, 6874.0
7241.0, 6874.0
7241.0, 6874.0
7241.0, 6874.0
