NEW ITER
9591.0, 7590.0
9516.0, 7806.0
9141.0, 7873.0
8915.0, 7985.0
8899.0, 8203.0
8846.0, 8348.0
NEW ITER
10468.0, 9329.0
9989.0, 9336.0
9763.0, 9448.0
9402.0, 9520.0
9400.0, 9773.0
NEW ITER
11200.0, 8969.0
11114.0, 9367.0
10859.0, 9717.0
10775.0, 9781.0
10642.0, 10231.0
10321.0, 10390.0
10024.0, 10392.0
10024.0, 10392.0
9869.0, 10903.0
NEW ITER
11835.0, 8922.0
11835.0, 8922.0
11669.0, 9694.0
11412.0, 9725.0
11374.0, 9871.0
11279.0, 10175.0
11279.0, 10175.0
11210.0, 10288.0
11051.0, 10493.0
11033.0, 10619.0
10577.0, 10964.0
10409.0, 11301.0
NEW ITER
12319.0, 8550.0
12319.0, 8550.0
12089.0, 9973.0
12089.0, 9973.0
11772.0, 10048.0
11670.0, 10563.0
11670.0, 10563.0
11670.0, 10563.0
11670.0, 10563.0
11353.0, 10638.0
11214.0, 10908.0
11214.0, 10908.0
11214.0, 10908.0
11044.0, 11254.0
10638.0, 11276.0
10409.0, 11301.0
