NEW ITER
17153.0, 16746.0
17789.0, 15437.0
16933.0, 17190.0
17694.0, 16639.0
17484.0, 16679.0
NEW ITER
18729.0, 17781.0
18065.0, 18898.0
19238.0, 17673.0
18583.0, 17787.0
18368.0, 18517.0
18455.0, 17995.0
NEW ITER
19518.0, 18467.0
17391.0, 19756.0
19484.0, 18577.0
17722.0, 19689.0
18670.0, 19348.0
18435.0, 19402.0
18490.0, 19367.0
19893.0, 18006.0
19518.0, 18467.0
19923.0, 16952.0
18428.0, 19660.0
19293.0, 19298.0
18435.0, 19402.0
NEW ITER
20092.0, 18854.0
18158.0, 20350.0
18158.0, 20350.0
19106.0, 20009.0
19002.0, 20047.0
18871.0, 20063.0
20056.0, 19228.0
20357.0, 18080.0
19799.0, 19335.0
19709.0, 19538.0
20534.0, 17679.0
18290.0, 20342.0
18725.0, 20064.0
18107.0, 20527.0
19436.0, 20002.0
18542.0, 20249.0
18619.0, 20156.0
20272.0, 18842.0
19471.0, 19681.0
19626.0, 19559.0
18436.0, 20341.0
18542.0, 20249.0
18950.0, 20055.0
NEW ITER
20403.0, 19039.0
20522.0, 18835.0
20337.0, 19487.0
20170.0, 19817.0
20647.0, 18733.0
17929.0, 20956.0
18404.0, 20931.0
18404.0, 20931.0
17929.0, 20956.0
18404.0, 20931.0
19965.0, 19926.0
19900.0, 20076.0
19733.0, 20406.0
18404.0, 20931.0
19056.0, 20792.0
21020.0, 18438.0
20778.0, 18546.0
20363.0, 19211.0
18404.0, 20931.0
