NEW ITER
16532.0, 14303.0
15982.0, 14579.0
16686.0, 14204.0
17014.0, 13627.0
16025.0, 14498.0
NEW ITER
17728.0, 15560.0
17836.0, 14699.0
18069.0, 14540.0
18389.0, 13860.0
18255.0, 14441.0
NEW ITER
18251.0, 16396.0
18955.0, 15308.0
18363.0, 15771.0
19118.0, 14998.0
19188.0, 14458.0
18383.0, 15477.0
19281.0, 13953.0
NEW ITER
18886.0, 16607.0
18167.0, 17157.0
18383.0, 16812.0
19391.0, 15983.0
19051.0, 16422.0
19075.0, 16061.0
19733.0, 15216.0
19501.0, 15291.0
19937.0, 14785.0
19978.0, 13102.0
NEW ITER
19763.0, 15984.0
19471.0, 16549.0
19234.0, 16880.0
18868.0, 16923.0
18334.0, 17264.0
18697.0, 16958.0
19456.0, 16701.0
18334.0, 17264.0
18149.0, 17473.0
18335.0, 17263.0
18440.0, 17024.0
19866.0, 15882.0
19901.0, 15519.0
19636.0, 16364.0
19763.0, 15984.0
19866.0, 15882.0
19644.0, 16061.0
20011.0, 15249.0
20285.0, 15058.0
19884.0, 15661.0
20397.0, 14265.0
20505.0, 14179.0
20175.0, 15212.0
