NEW ITER
18130.0, 15795.0
17816.0, 15856.0
17437.0, 15975.0
17433.0, 16906.0
17109.0, 17324.0
NEW ITER
19410.0, 17560.0
18544.0, 17598.0
18429.0, 17950.0
18088.0, 18394.0
17567.0, 18629.0
NEW ITER
20154.0, 17158.0
20112.0, 17173.0
20054.0, 18291.0
19871.0, 18476.0
19467.0, 19237.0
18827.0, 19439.0
18428.0, 19660.0
NEW ITER
20739.0, 17570.0
20709.0, 18253.0
20504.0, 18362.0
20365.0, 18476.0
20335.0, 18550.0
20335.0, 18550.0
20182.0, 18661.0
19963.0, 18989.0
19931.0, 19311.0
19851.0, 19337.0
19748.0, 19496.0
19632.0, 19665.0
19567.0, 19815.0
19402.0, 19834.0
19235.0, 19900.0
19219.0, 20019.0
19217.0, 20330.0
18290.0, 20342.0
18107.0, 20527.0
NEW ITER
21020.0, 17829.0
21020.0, 17829.0
21020.0, 18438.0
21020.0, 18438.0
20837.0, 18623.0
20646.0, 18735.0
20646.0, 18735.0
20646.0, 18735.0
20646.0, 18735.0
20618.0, 18951.0
20427.0, 19063.0
20427.0, 19063.0
20427.0, 19063.0
20335.0, 19159.0
20335.0, 19159.0
20335.0, 19159.0
20335.0, 19159.0
20315.0, 19411.0
20315.0, 19411.0
20315.0, 19411.0
20148.0, 19741.0
20148.0, 19741.0
19990.0, 19797.0
19965.0, 19926.0
19965.0, 19926.0
19965.0, 19926.0
19900.0, 20076.0
19733.0, 20406.0
19491.0, 20514.0
19311.0, 20532.0
19311.0, 20532.0
19311.0, 20532.0
19246.0, 20682.0
19056.0, 20792.0
18404.0, 20931.0
18404.0, 20931.0
17929.0, 20956.0
17929.0, 20956.0
