NEW ITER
5828.0, 4282.0
5762.0, 4358.0
NEW ITER
6581.0, 4911.0
6534.0, 5032.0
6528.0, 5056.0
6528.0, 5056.0
6481.0, 5177.0
6481.0, 5177.0
NEW ITER
7234.0, 5806.0
7234.0, 5806.0
7234.0, 5806.0
7234.0, 5806.0
7234.0, 5806.0
7234.0, 5806.0
6662.0, 5833.0
6662.0, 5833.0
6662.0, 5833.0
6662.0, 5833.0
NEW ITER
7569.0, 5984.0
7569.0, 5984.0
7569.0, 5984.0
7569.0, 5984.0
7569.0, 5984.0
7569.0, 5984.0
7323.0, 6023.0
7323.0, 6023.0
7323.0, 6023.0
7323.0, 6023.0
7323.0, 6023.0
7323.0, 6023.0
7154.0, 6269.0
7154.0, 6269.0
7154.0, 6269.0
7154.0, 6269.0
7154.0, 6269.0
7154.0, 6269.0
7154.0, 6269.0
7154.0, 6269.0
7154.0, 6269.0
7154.0, 6269.0
6908.0, 6308.0
6908.0, 6308.0
6908.0, 6308.0
6908.0, 6308.0
6908.0, 6308.0
6908.0, 6308.0
6908.0, 6308.0
6908.0, 6308.0
6908.0, 6308.0
6908.0, 6308.0
NEW ITER
7571.0, 5758.0
7571.0, 5758.0
7571.0, 5758.0
7571.0, 5758.0
7571.0, 5758.0
7571.0, 5758.0
7571.0, 5758.0
7571.0, 5758.0
7571.0, 5758.0
7571.0, 5758.0
7571.0, 5758.0
7571.0, 5758.0
7569.0, 5984.0
7569.0, 5984.0
7569.0, 5984.0
7569.0, 5984.0
7569.0, 5984.0
7569.0, 5984.0
7569.0, 5984.0
7569.0, 5984.0
7569.0, 5984.0
7569.0, 5984.0
7569.0, 5984.0
7569.0, 5984.0
7569.0, 5984.0
7569.0, 5984.0
7569.0, 5984.0
7569.0, 5984.0
7569.0, 5984.0
7569.0, 5984.0
7569.0, 5984.0
7569.0, 5984.0
7569.0, 5984.0
7569.0, 5984.0
7329.0, 6088.0
7329.0, 6088.0
7329.0, 6088.0
7329.0, 6088.0
7329.0, 6088.0
7329.0, 6088.0
7329.0, 6088.0
7329.0, 6088.0
7329.0, 6088.0
7329.0, 6088.0
7329.0, 6088.0
7329.0, 6088.0
7243.0, 6486.0
7243.0, 6486.0
7243.0, 6486.0
7243.0, 6486.0
7243.0, 6486.0
7243.0, 6486.0
7243.0, 6486.0
7243.0, 6486.0
7243.0, 6486.0
7243.0, 6486.0
7243.0, 6486.0
7243.0, 6486.0
7243.0, 6486.0
7243.0, 6486.0
7243.0, 6486.0
7243.0, 6486.0
7243.0, 6486.0
7243.0, 6486.0
7243.0, 6486.0
7243.0, 6486.0
7243.0, 6486.0
7243.0, 6486.0
7243.0, 6486.0
7243.0, 6486.0
7243.0, 6486.0
7243.0, 6486.0
7243.0, 6486.0
7243.0, 6486.0
7243.0, 6486.0
7243.0, 6486.0
7243.0, 6486.0
7243.0, 6486.0
