NEW ITER
6118.0, 5861.0
6917.0, 5416.0
5767.0, 6111.0
6847.0, 5854.0
NEW ITER
7219.0, 5699.0
7629.0, 4880.0
5775.0, 6663.0
6862.0, 6044.0
7272.0, 5225.0
6855.0, 6406.0
7265.0, 5587.0
6982.0, 6030.0
7392.0, 5211.0
NEW ITER
6855.0, 6406.0
7567.0, 5972.0
7977.0, 5153.0
6261.0, 6688.0
7447.0, 5986.0
6855.0, 6406.0
7857.0, 5167.0
7440.0, 6348.0
7850.0, 5529.0
6855.0, 6406.0
7567.0, 5972.0
6855.0, 6406.0
7977.0, 5153.0
NEW ITER
6855.0, 6406.0
7567.0, 5972.0
6261.0, 6688.0
7447.0, 5986.0
6855.0, 6406.0
7440.0, 6348.0
6855.0, 6406.0
7567.0, 5972.0
6855.0, 6406.0
7447.0, 5986.0
7992.0, 5343.0
7440.0, 6348.0
7985.0, 5705.0
7992.0, 5343.0
8258.0, 4484.0
7985.0, 5705.0
8251.0, 4846.0
7567.0, 5972.0
6855.0, 6406.0
6555.0, 6419.0
7440.0, 6348.0
7865.0, 5719.0
7567.0, 5972.0
7992.0, 5343.0
7440.0, 6348.0
7865.0, 5719.0
8131.0, 4860.0
7992.0, 5343.0
8258.0, 4484.0
7447.0, 5986.0
6855.0, 6406.0
7447.0, 5986.0
7865.0, 5719.0
7567.0, 5972.0
7985.0, 5705.0
7865.0, 5719.0
8131.0, 4860.0
7985.0, 5705.0
8251.0, 4846.0
7440.0, 6348.0
7440.0, 6348.0
7447.0, 5986.0
7992.0, 5343.0
7440.0, 6348.0
7985.0, 5705.0
7440.0, 6348.0
7992.0, 5343.0
8258.0, 4484.0
7985.0, 5705.0
8251.0, 4846.0
7567.0, 5972.0
NEW ITER
6855.0, 6406.0
7567.0, 5972.0
6261.0, 6688.0
7447.0, 5986.0
6855.0, 6406.0
7440.0, 6348.0
6855.0, 6406.0
7567.0, 5972.0
6855.0, 6406.0
7447.0, 5986.0
7992.0, 5343.0
7440.0, 6348.0
7985.0, 5705.0
7992.0, 5343.0
7985.0, 5705.0
7567.0, 5972.0
6855.0, 6406.0
6555.0, 6419.0
7440.0, 6348.0
7865.0, 5719.0
7567.0, 5972.0
7992.0, 5343.0
7440.0, 6348.0
7865.0, 5719.0
7992.0, 5343.0
7447.0, 5986.0
6855.0, 6406.0
7447.0, 5986.0
7865.0, 5719.0
7567.0, 5972.0
7985.0, 5705.0
7865.0, 5719.0
7985.0, 5705.0
7440.0, 6348.0
7440.0, 6348.0
7447.0, 5986.0
7992.0, 5343.0
7440.0, 6348.0
7985.0, 5705.0
7440.0, 6348.0
7992.0, 5343.0
7985.0, 5705.0
7567.0, 5972.0
7440.0, 6348.0
7865.0, 5719.0
7567.0, 5972.0
7992.0, 5343.0
8266.0, 5036.0
7985.0, 5705.0
7865.0, 5719.0
7567.0, 5972.0
7447.0, 5986.0
6855.0, 6406.0
7447.0, 5986.0
7865.0, 5719.0
7567.0, 5972.0
7985.0, 5705.0
8266.0, 5036.0
7992.0, 5343.0
7865.0, 5719.0
7567.0, 5972.0
7440.0, 6348.0
8266.0, 5036.0
7985.0, 5705.0
7865.0, 5719.0
7567.0, 5972.0
7447.0, 5986.0
7992.0, 5343.0
8345.0, 4444.0
8266.0, 5036.0
8266.0, 5036.0
7992.0, 5343.0
7865.0, 5719.0
7567.0, 5972.0
7440.0, 6348.0
7985.0, 5705.0
8266.0, 5036.0
7447.0, 5986.0
7992.0, 5343.0
7440.0, 6348.0
7985.0, 5705.0
7440.0, 6348.0
6261.0, 6688.0
6855.0, 6406.0
7447.0, 5986.0
7865.0, 5719.0
7567.0, 5972.0
7985.0, 5705.0
8266.0, 5036.0
7985.0, 5705.0
7992.0, 5343.0
7440.0, 6348.0
7447.0, 5986.0
7447.0, 5986.0
7992.0, 5343.0
7440.0, 6348.0
7985.0, 5705.0
8266.0, 5036.0
7985.0, 5705.0
7865.0, 5719.0
7567.0, 5972.0
7447.0, 5986.0
6855.0, 6406.0
7447.0, 5986.0
7865.0, 5719.0
7567.0, 5972.0
7985.0, 5705.0
8266.0, 5036.0
7985.0, 5705.0
7992.0, 5343.0
7440.0, 6348.0
7447.0, 5986.0
7865.0, 5719.0
8345.0, 4444.0
8266.0, 5036.0
8266.0, 5036.0
7985.0, 5705.0
8079.0, 5303.0
7865.0, 5719.0
7567.0, 5972.0
7447.0, 5986.0
7992.0, 5343.0
8266.0, 5036.0
7440.0, 6348.0
7865.0, 5719.0
7567.0, 5972.0
7992.0, 5343.0
7440.0, 6348.0
7440.0, 6348.0
7865.0, 5719.0
7567.0, 5972.0
7992.0, 5343.0
8266.0, 5036.0
7985.0, 5705.0
7992.0, 5343.0
7440.0, 6348.0
7447.0, 5986.0
7447.0, 5986.0
7992.0, 5343.0
7440.0, 6348.0
7985.0, 5705.0
8266.0, 5036.0
7992.0, 5343.0
7865.0, 5719.0
7567.0, 5972.0
7440.0, 6348.0
8266.0, 5036.0
7985.0, 5705.0
8079.0, 5303.0
7992.0, 5343.0
7440.0, 6348.0
7447.0, 5986.0
7865.0, 5719.0
8266.0, 5036.0
8266.0, 5036.0
7992.0, 5343.0
7865.0, 5719.0
7567.0, 5972.0
7440.0, 6348.0
7985.0, 5705.0
8266.0, 5036.0
6855.0, 6406.0
7447.0, 5986.0
7865.0, 5719.0
7567.0, 5972.0
7985.0, 5705.0
6855.0, 6406.0
7447.0, 5986.0
7865.0, 5719.0
7567.0, 5972.0
7985.0, 5705.0
7440.0, 6348.0
7865.0, 5719.0
7567.0, 5972.0
7992.0, 5343.0
8266.0, 5036.0
7985.0, 5705.0
7865.0, 5719.0
7567.0, 5972.0
7447.0, 5986.0
6855.0, 6406.0
7447.0, 5986.0
7865.0, 5719.0
7567.0, 5972.0
7985.0, 5705.0
8079.0, 5303.0
8266.0, 5036.0
7992.0, 5343.0
7865.0, 5719.0
7567.0, 5972.0
7440.0, 6348.0
6855.0, 6406.0
7447.0, 5986.0
7865.0, 5719.0
7567.0, 5972.0
7985.0, 5705.0
8266.0, 5036.0
7985.0, 5705.0
7865.0, 5719.0
7567.0, 5972.0
7447.0, 5986.0
7992.0, 5343.0
8266.0, 5036.0
8266.0, 5036.0
7992.0, 5343.0
7865.0, 5719.0
7567.0, 5972.0
7440.0, 6348.0
7985.0, 5705.0
8266.0, 5036.0
8345.0, 4444.0
7447.0, 5986.0
7992.0, 5343.0
7440.0, 6348.0
7985.0, 5705.0
