NEW ITER
9684.0, 7539.0
8846.0, 8348.0
9305.0, 8159.0
NEW ITER
10173.0, 8851.0
10330.0, 7577.0
10308.0, 8158.0
10332.0, 7511.0
10009.0, 9518.0
9313.0, 9731.0
10106.0, 8961.0
9772.0, 9542.0
NEW ITER
10859.0, 9717.0
11196.0, 8293.0
11023.0, 9656.0
10633.0, 10137.0
10321.0, 10390.0
10019.0, 10481.0
9612.0, 10507.0
10728.0, 9833.0
9955.0, 10505.0
10478.0, 10292.0
NEW ITER
11024.0, 10525.0
11833.0, 8237.0
11669.0, 9694.0
11024.0, 10525.0
11013.0, 10604.0
10927.0, 11002.0
11279.0, 10175.0
11051.0, 10493.0
10927.0, 11002.0
10318.0, 11257.0
11374.0, 9871.0
11115.0, 10236.0
10318.0, 11257.0
NEW ITER
11670.0, 10563.0
12089.0, 9973.0
11670.0, 10563.0
11670.0, 10563.0
10638.0, 11276.0
10955.0, 11201.0
11361.0, 11179.0
10955.0, 11201.0
11772.0, 10048.0
10638.0, 11276.0
10955.0, 11201.0
10638.0, 11276.0
10955.0, 11201.0
10638.0, 11276.0
10955.0, 11201.0
