NEW ITER
15136.0, 14027.0
14780.0, 14504.0
13372.0, 15481.0
14590.0, 14869.0
NEW ITER
17331.0, 15827.0
15477.0, 17104.0
15876.0, 16656.0
16756.0, 16403.0
16098.0, 16494.0
NEW ITER
18330.0, 16812.0
18522.0, 15905.0
18333.0, 16043.0
18691.0, 15430.0
16491.0, 18174.0
15848.0, 18358.0
16736.0, 17849.0
18141.0, 17087.0
17604.0, 17812.0
NEW ITER
18108.0, 18522.0
17738.0, 18901.0
17989.0, 18834.0
16536.0, 19345.0
16492.0, 19378.0
18046.0, 18543.0
17282.0, 19044.0
18844.0, 18487.0
19975.0, 17686.0
17602.0, 18928.0
NEW ITER
18558.0, 19798.0
17198.0, 20128.0
16657.0, 20186.0
17343.0, 20028.0
19468.0, 19339.0
18639.0, 19478.0
19518.0, 19187.0
20729.0, 17253.0
20707.0, 17326.0
20434.0, 17844.0
20074.0, 18358.0
19926.0, 18711.0
18195.0, 19863.0
