NEW ITER
8531.0, 8601.0
10163.0, 8058.0
9929.0, 8458.0
9744.0, 8498.0
NEW ITER
10954.0, 7924.0
9501.0, 9697.0
10654.0, 8808.0
10625.0, 9518.0
10862.0, 8359.0
10677.0, 8389.0
10797.0, 8375.0
NEW ITER
12176.0, 8325.0
10657.0, 10237.0
11135.0, 9477.0
11387.0, 9461.0
10805.0, 9523.0
10657.0, 10237.0
10792.0, 9625.0
11937.0, 9077.0
NEW ITER
12356.0, 8553.0
12064.0, 9118.0
12506.0, 8374.0
11969.0, 9796.0
10824.0, 10344.0
11124.0, 10335.0
11142.0, 10095.0
12199.0, 8749.0
10824.0, 10344.0
11124.0, 10335.0
10824.0, 10344.0
12117.0, 9082.0
12199.0, 8749.0
NEW ITER
12506.0, 8374.0
12473.0, 8575.0
12394.0, 9167.0
12473.0, 8575.0
12772.0, 7515.0
12671.0, 8189.0
12394.0, 9167.0
11849.0, 9810.0
12394.0, 9167.0
12149.0, 9801.0
11603.0, 9839.0
11404.0, 9961.0
10605.0, 10435.0
11404.0, 9961.0
10905.0, 10426.0
11467.0, 9944.0
12149.0, 9801.0
11124.0, 10411.0
10905.0, 10426.0
11257.0, 10234.0
11124.0, 10411.0
10605.0, 10435.0
10905.0, 10426.0
11124.0, 10411.0
10605.0, 10435.0
11404.0, 9961.0
12506.0, 8374.0
12394.0, 9167.0
