NEW ITER
7899.0, 7861.0
8343.0, 7298.0
7337.0, 8380.0
7762.0, 8241.0
NEW ITER
9814.0, 8856.0
9559.0, 9232.0
9252.0, 9528.0
8884.0, 9791.0
8126.0, 10384.0
NEW ITER
10578.0, 8312.0
10277.0, 9133.0
10220.0, 9641.0
10323.0, 8688.0
9715.0, 9805.0
9566.0, 10247.0
9670.0, 9932.0
9600.0, 10123.0
8347.0, 10980.0
9174.0, 10753.0
9332.0, 10343.0
8548.0, 10770.0
9174.0, 10753.0
9484.0, 10300.0
NEW ITER
10984.0, 9097.0
10984.0, 9097.0
10610.0, 10003.0
10646.0, 9508.0
10984.0, 9097.0
10180.0, 10445.0
10145.0, 10709.0
9397.0, 11113.0
8331.0, 11161.0
8108.0, 11218.0
NEW ITER
10610.0, 10003.0
10180.0, 10445.0
10145.0, 10709.0
9397.0, 11113.0
8331.0, 11161.0
8108.0, 11218.0
10610.0, 10003.0
10641.0, 9888.0
11094.0, 9180.0
11130.0, 8685.0
10610.0, 10003.0
10641.0, 9888.0
11094.0, 9180.0
11130.0, 8685.0
10641.0, 9888.0
11094.0, 9180.0
10145.0, 10709.0
10303.0, 10299.0
10756.0, 9591.0
11130.0, 8685.0
10855.0, 9356.0
10303.0, 10299.0
10756.0, 9591.0
10610.0, 10003.0
10610.0, 10003.0
10641.0, 9888.0
11094.0, 9180.0
11130.0, 8685.0
9621.0, 10949.0
9822.0, 10739.0
10326.0, 10033.0
10641.0, 9888.0
10610.0, 10003.0
9397.0, 11113.0
9744.0, 10803.0
10303.0, 10299.0
10145.0, 10709.0
9744.0, 10803.0
7934.0, 11277.0
8108.0, 11218.0
8331.0, 11161.0
