NEW ITER
12149.0, 9801.0
12394.0, 9167.0
10862.0, 9933.0
10664.0, 10125.0
NEW ITER
12149.0, 9801.0
12394.0, 9167.0
12320.0, 9174.0
12320.0, 9174.0
12320.0, 9174.0
12320.0, 9174.0
12302.0, 9414.0
12302.0, 9414.0
12302.0, 9414.0
12302.0, 9414.0
12237.0, 10055.0
12237.0, 10055.0
12237.0, 10055.0
12237.0, 10055.0
12036.0, 10273.0
12036.0, 10273.0
12036.0, 10273.0
12036.0, 10273.0
11838.0, 10465.0
11838.0, 10465.0
11838.0, 10465.0
11838.0, 10465.0
NEW ITER
12736.0, 9451.0
12736.0, 9451.0
12736.0, 9451.0
12736.0, 9451.0
12736.0, 9451.0
12736.0, 9451.0
12736.0, 9451.0
12736.0, 9451.0
12697.0, 9715.0
12697.0, 9715.0
12697.0, 9715.0
12697.0, 9715.0
12697.0, 9715.0
12697.0, 9715.0
12697.0, 9715.0
12697.0, 9715.0
12671.0, 10092.0
12671.0, 10092.0
12671.0, 10092.0
12671.0, 10092.0
12671.0, 10092.0
12671.0, 10092.0
12671.0, 10092.0
12671.0, 10092.0
12434.0, 10423.0
12434.0, 10423.0
12434.0, 10423.0
12434.0, 10423.0
12434.0, 10423.0
12434.0, 10423.0
12434.0, 10423.0
12434.0, 10423.0
12395.0, 10687.0
12395.0, 10687.0
12395.0, 10687.0
12395.0, 10687.0
12395.0, 10687.0
12395.0, 10687.0
12395.0, 10687.0
12395.0, 10687.0
11601.0, 10796.0
11601.0, 10796.0
11601.0, 10796.0
11601.0, 10796.0
11601.0, 10796.0
11601.0, 10796.0
11601.0, 10796.0
11601.0, 10796.0
11601.0, 10796.0
11601.0, 10796.0
11601.0, 10796.0
11601.0, 10796.0
NEW ITER
13405.0, 10513.0
13405.0, 10513.0
13405.0, 10513.0
13405.0, 10513.0
13405.0, 10513.0
13405.0, 10513.0
13405.0, 10513.0
13405.0, 10513.0
13405.0, 10513.0
13405.0, 10513.0
13405.0, 10513.0
13405.0, 10513.0
13405.0, 10513.0
13405.0, 10513.0
13405.0, 10513.0
13405.0, 10513.0
12827.0, 10623.0
12827.0, 10623.0
12827.0, 10623.0
12827.0, 10623.0
12827.0, 10623.0
12827.0, 10623.0
12827.0, 10623.0
12827.0, 10623.0
12827.0, 10623.0
12827.0, 10623.0
12827.0, 10623.0
12827.0, 10623.0
12827.0, 10623.0
12827.0, 10623.0
12827.0, 10623.0
12827.0, 10623.0
12413.0, 10814.0
12413.0, 10814.0
12413.0, 10814.0
12413.0, 10814.0
12413.0, 10814.0
12413.0, 10814.0
12413.0, 10814.0
12413.0, 10814.0
12413.0, 10814.0
12413.0, 10814.0
12413.0, 10814.0
12413.0, 10814.0
12413.0, 10814.0
12413.0, 10814.0
12413.0, 10814.0
12413.0, 10814.0
12413.0, 10814.0
12413.0, 10814.0
12413.0, 10814.0
12413.0, 10814.0
12413.0, 10814.0
12413.0, 10814.0
12413.0, 10814.0
12413.0, 10814.0
12413.0, 10814.0
12413.0, 10814.0
12413.0, 10814.0
12413.0, 10814.0
12413.0, 10814.0
12413.0, 10814.0
12413.0, 10814.0
12413.0, 10814.0
12413.0, 10814.0
12413.0, 10814.0
12413.0, 10814.0
12413.0, 10814.0
12413.0, 10814.0
12413.0, 10814.0
12413.0, 10814.0
12413.0, 10814.0
12413.0, 10814.0
12413.0, 10814.0
12413.0, 10814.0
12413.0, 10814.0
12413.0, 10814.0
12413.0, 10814.0
12413.0, 10814.0
12413.0, 10814.0
12413.0, 10814.0
12413.0, 10814.0
12413.0, 10814.0
12413.0, 10814.0
12413.0, 10814.0
12413.0, 10814.0
12413.0, 10814.0
12413.0, 10814.0
12413.0, 10814.0
12413.0, 10814.0
12413.0, 10814.0
12413.0, 10814.0
12413.0, 10814.0
12413.0, 10814.0
12413.0, 10814.0
12413.0, 10814.0
12413.0, 10814.0
12413.0, 10814.0
12413.0, 10814.0
12413.0, 10814.0
12413.0, 10814.0
12413.0, 10814.0
12413.0, 10814.0
12413.0, 10814.0
12413.0, 10814.0
12413.0, 10814.0
12413.0, 10814.0
12413.0, 10814.0
12413.0, 10814.0
12413.0, 10814.0
12413.0, 10814.0
12413.0, 10814.0
12413.0, 10814.0
12413.0, 10814.0
12413.0, 10814.0
12413.0, 10814.0
12413.0, 10814.0
12413.0, 10814.0
12413.0, 10814.0
12413.0, 10814.0
12377.0, 10927.0
12377.0, 10927.0
12377.0, 10927.0
12377.0, 10927.0
12377.0, 10927.0
12377.0, 10927.0
12377.0, 10927.0
12377.0, 10927.0
NEW ITER
13405.0, 10513.0
13405.0, 10513.0
13405.0, 10513.0
13405.0, 10513.0
13405.0, 10513.0
13405.0, 10513.0
13405.0, 10513.0
13405.0, 10513.0
13405.0, 10513.0
13405.0, 10513.0
13405.0, 10513.0
13405.0, 10513.0
13405.0, 10513.0
13405.0, 10513.0
13405.0, 10513.0
13405.0, 10513.0
12827.0, 10623.0
12827.0, 10623.0
12827.0, 10623.0
12827.0, 10623.0
12827.0, 10623.0
12827.0, 10623.0
12827.0, 10623.0
12827.0, 10623.0
12827.0, 10623.0
12827.0, 10623.0
12827.0, 10623.0
12827.0, 10623.0
12827.0, 10623.0
12827.0, 10623.0
12827.0, 10623.0
12827.0, 10623.0
12827.0, 10623.0
12827.0, 10623.0
12827.0, 10623.0
12827.0, 10623.0
12827.0, 10623.0
12827.0, 10623.0
12827.0, 10623.0
12827.0, 10623.0
12827.0, 10623.0
12827.0, 10623.0
12827.0, 10623.0
12827.0, 10623.0
12827.0, 10623.0
12827.0, 10623.0
12827.0, 10623.0
12827.0, 10623.0
12413.0, 10814.0
12413.0, 10814.0
12413.0, 10814.0
12413.0, 10814.0
12413.0, 10814.0
12413.0, 10814.0
12413.0, 10814.0
12413.0, 10814.0
12413.0, 10814.0
12413.0, 10814.0
12413.0, 10814.0
12413.0, 10814.0
12413.0, 10814.0
12413.0, 10814.0
12413.0, 10814.0
12413.0, 10814.0
12413.0, 10814.0
12413.0, 10814.0
12413.0, 10814.0
12413.0, 10814.0
12413.0, 10814.0
12413.0, 10814.0
12413.0, 10814.0
12413.0, 10814.0
12413.0, 10814.0
12413.0, 10814.0
12413.0, 10814.0
12413.0, 10814.0
12413.0, 10814.0
12413.0, 10814.0
12413.0, 10814.0
12413.0, 10814.0
12413.0, 10814.0
12413.0, 10814.0
12413.0, 10814.0
12413.0, 10814.0
12413.0, 10814.0
12413.0, 10814.0
12413.0, 10814.0
12413.0, 10814.0
12413.0, 10814.0
12413.0, 10814.0
12413.0, 10814.0
12413.0, 10814.0
12413.0, 10814.0
12413.0, 10814.0
12413.0, 10814.0
12413.0, 10814.0
12413.0, 10814.0
12413.0, 10814.0
12413.0, 10814.0
12413.0, 10814.0
12413.0, 10814.0
12413.0, 10814.0
12413.0, 10814.0
12413.0, 10814.0
12413.0, 10814.0
12413.0, 10814.0
12413.0, 10814.0
12413.0, 10814.0
12413.0, 10814.0
12413.0, 10814.0
12413.0, 10814.0
12413.0, 10814.0
12413.0, 10814.0
12413.0, 10814.0
12413.0, 10814.0
12413.0, 10814.0
12413.0, 10814.0
12413.0, 10814.0
12413.0, 10814.0
12413.0, 10814.0
12413.0, 10814.0
12413.0, 10814.0
12413.0, 10814.0
12413.0, 10814.0
12413.0, 10814.0
12413.0, 10814.0
12413.0, 10814.0
12413.0, 10814.0
12413.0, 10814.0
12413.0, 10814.0
12413.0, 10814.0
12413.0, 10814.0
12413.0, 10814.0
12413.0, 10814.0
12413.0, 10814.0
12413.0, 10814.0
12413.0, 10814.0
12413.0, 10814.0
12413.0, 10814.0
12413.0, 10814.0
12413.0, 10814.0
12413.0, 10814.0
12413.0, 10814.0
12413.0, 10814.0
12413.0, 10814.0
12413.0, 10814.0
12413.0, 10814.0
12413.0, 10814.0
12413.0, 10814.0
12413.0, 10814.0
12413.0, 10814.0
12413.0, 10814.0
12413.0, 10814.0
12413.0, 10814.0
12413.0, 10814.0
12413.0, 10814.0
12413.0, 10814.0
12413.0, 10814.0
12413.0, 10814.0
12413.0, 10814.0
12413.0, 10814.0
12413.0, 10814.0
12413.0, 10814.0
12413.0, 10814.0
12413.0, 10814.0
12413.0, 10814.0
12413.0, 10814.0
12413.0, 10814.0
12413.0, 10814.0
12413.0, 10814.0
12413.0, 10814.0
12413.0, 10814.0
12413.0, 10814.0
12413.0, 10814.0
12413.0, 10814.0
12413.0, 10814.0
12413.0, 10814.0
12413.0, 10814.0
12413.0, 10814.0
12413.0, 10814.0
12413.0, 10814.0
12413.0, 10814.0
12413.0, 10814.0
12413.0, 10814.0
12413.0, 10814.0
12413.0, 10814.0
12413.0, 10814.0
12413.0, 10814.0
12413.0, 10814.0
12413.0, 10814.0
12413.0, 10814.0
12413.0, 10814.0
12413.0, 10814.0
12413.0, 10814.0
12413.0, 10814.0
12413.0, 10814.0
12413.0, 10814.0
12413.0, 10814.0
12413.0, 10814.0
12413.0, 10814.0
12413.0, 10814.0
12413.0, 10814.0
12413.0, 10814.0
12413.0, 10814.0
12413.0, 10814.0
12413.0, 10814.0
12413.0, 10814.0
12413.0, 10814.0
12413.0, 10814.0
12413.0, 10814.0
12413.0, 10814.0
12413.0, 10814.0
12413.0, 10814.0
12413.0, 10814.0
12413.0, 10814.0
12413.0, 10814.0
12413.0, 10814.0
12413.0, 10814.0
12413.0, 10814.0
12413.0, 10814.0
12413.0, 10814.0
12413.0, 10814.0
12413.0, 10814.0
12413.0, 10814.0
12413.0, 10814.0
12413.0, 10814.0
12413.0, 10814.0
12413.0, 10814.0
12413.0, 10814.0
12413.0, 10814.0
12413.0, 10814.0
12413.0, 10814.0
12413.0, 10814.0
12413.0, 10814.0
12413.0, 10814.0
12413.0, 10814.0
12413.0, 10814.0
12413.0, 10814.0
12413.0, 10814.0
12413.0, 10814.0
12413.0, 10814.0
12413.0, 10814.0
12413.0, 10814.0
12413.0, 10814.0
12413.0, 10814.0
12413.0, 10814.0
12413.0, 10814.0
12413.0, 10814.0
12413.0, 10814.0
12413.0, 10814.0
12413.0, 10814.0
12413.0, 10814.0
12413.0, 10814.0
12413.0, 10814.0
12413.0, 10814.0
12413.0, 10814.0
12413.0, 10814.0
12413.0, 10814.0
12413.0, 10814.0
12413.0, 10814.0
12413.0, 10814.0
12413.0, 10814.0
12413.0, 10814.0
12413.0, 10814.0
12413.0, 10814.0
12413.0, 10814.0
12413.0, 10814.0
12413.0, 10814.0
12413.0, 10814.0
12413.0, 10814.0
12413.0, 10814.0
12413.0, 10814.0
12413.0, 10814.0
12413.0, 10814.0
12413.0, 10814.0
12413.0, 10814.0
12413.0, 10814.0
12413.0, 10814.0
12413.0, 10814.0
12413.0, 10814.0
12413.0, 10814.0
12413.0, 10814.0
12413.0, 10814.0
12413.0, 10814.0
12413.0, 10814.0
12413.0, 10814.0
12413.0, 10814.0
12413.0, 10814.0
12413.0, 10814.0
12413.0, 10814.0
12413.0, 10814.0
12413.0, 10814.0
12413.0, 10814.0
12413.0, 10814.0
12413.0, 10814.0
12413.0, 10814.0
12413.0, 10814.0
12413.0, 10814.0
12413.0, 10814.0
12413.0, 10814.0
12413.0, 10814.0
12413.0, 10814.0
12413.0, 10814.0
12413.0, 10814.0
12413.0, 10814.0
12413.0, 10814.0
12413.0, 10814.0
12413.0, 10814.0
12413.0, 10814.0
12413.0, 10814.0
12413.0, 10814.0
12413.0, 10814.0
12413.0, 10814.0
12413.0, 10814.0
12413.0, 10814.0
12413.0, 10814.0
12413.0, 10814.0
12413.0, 10814.0
12413.0, 10814.0
12413.0, 10814.0
12413.0, 10814.0
12413.0, 10814.0
12413.0, 10814.0
12413.0, 10814.0
12413.0, 10814.0
12413.0, 10814.0
12413.0, 10814.0
12413.0, 10814.0
12413.0, 10814.0
12413.0, 10814.0
12413.0, 10814.0
12413.0, 10814.0
12413.0, 10814.0
12413.0, 10814.0
12413.0, 10814.0
12413.0, 10814.0
12413.0, 10814.0
12413.0, 10814.0
12413.0, 10814.0
12413.0, 10814.0
12413.0, 10814.0
12413.0, 10814.0
12413.0, 10814.0
12413.0, 10814.0
12413.0, 10814.0
12413.0, 10814.0
12413.0, 10814.0
12413.0, 10814.0
12413.0, 10814.0
12413.0, 10814.0
12413.0, 10814.0
12413.0, 10814.0
12413.0, 10814.0
12413.0, 10814.0
12413.0, 10814.0
12413.0, 10814.0
12413.0, 10814.0
12413.0, 10814.0
12413.0, 10814.0
12413.0, 10814.0
12413.0, 10814.0
12413.0, 10814.0
12413.0, 10814.0
12413.0, 10814.0
12413.0, 10814.0
12413.0, 10814.0
12413.0, 10814.0
12413.0, 10814.0
12413.0, 10814.0
12413.0, 10814.0
12413.0, 10814.0
12413.0, 10814.0
12413.0, 10814.0
12413.0, 10814.0
12413.0, 10814.0
12413.0, 10814.0
12413.0, 10814.0
12413.0, 10814.0
12413.0, 10814.0
12413.0, 10814.0
12413.0, 10814.0
12413.0, 10814.0
12413.0, 10814.0
12413.0, 10814.0
12413.0, 10814.0
12413.0, 10814.0
12413.0, 10814.0
12413.0, 10814.0
12413.0, 10814.0
12413.0, 10814.0
12413.0, 10814.0
12413.0, 10814.0
12413.0, 10814.0
12413.0, 10814.0
12413.0, 10814.0
12413.0, 10814.0
12413.0, 10814.0
12413.0, 10814.0
12413.0, 10814.0
12413.0, 10814.0
12413.0, 10814.0
12413.0, 10814.0
12413.0, 10814.0
12413.0, 10814.0
12413.0, 10814.0
12413.0, 10814.0
12413.0, 10814.0
12413.0, 10814.0
12413.0, 10814.0
12413.0, 10814.0
12413.0, 10814.0
12413.0, 10814.0
12413.0, 10814.0
12413.0, 10814.0
12413.0, 10814.0
12413.0, 10814.0
12413.0, 10814.0
12413.0, 10814.0
12413.0, 10814.0
12413.0, 10814.0
12413.0, 10814.0
12413.0, 10814.0
12413.0, 10814.0
12413.0, 10814.0
12377.0, 10927.0
12377.0, 10927.0
12377.0, 10927.0
12377.0, 10927.0
12377.0, 10927.0
12377.0, 10927.0
12377.0, 10927.0
12377.0, 10927.0
12377.0, 10927.0
12377.0, 10927.0
12377.0, 10927.0
12377.0, 10927.0
12377.0, 10927.0
12377.0, 10927.0
12377.0, 10927.0
12377.0, 10927.0
12377.0, 10927.0
12377.0, 10927.0
12377.0, 10927.0
12377.0, 10927.0
12377.0, 10927.0
12377.0, 10927.0
12377.0, 10927.0
12377.0, 10927.0
12377.0, 10927.0
12377.0, 10927.0
12377.0, 10927.0
12377.0, 10927.0
12377.0, 10927.0
12377.0, 10927.0
12377.0, 10927.0
12377.0, 10927.0
12377.0, 10927.0
12377.0, 10927.0
12377.0, 10927.0
12377.0, 10927.0
12377.0, 10927.0
12377.0, 10927.0
12377.0, 10927.0
12377.0, 10927.0
12377.0, 10927.0
12377.0, 10927.0
12377.0, 10927.0
12377.0, 10927.0
12377.0, 10927.0
12377.0, 10927.0
12377.0, 10927.0
12377.0, 10927.0
