NEW ITER
8752.0, 8480.0
7525.0, 8767.0
NEW ITER
9590.0, 9117.0
8987.0, 9249.0
8965.0, 9435.0
8952.0, 9513.0
8604.0, 9787.0
NEW ITER
10323.0, 8688.0
10053.0, 9394.0
9980.0, 9479.0
9790.0, 10083.0
9566.0, 10247.0
9566.0, 10247.0
8977.0, 10261.0
8613.0, 10348.0
NEW ITER
10984.0, 9097.0
10984.0, 9097.0
10677.0, 9393.0
10554.0, 9539.0
10554.0, 9539.0
10523.0, 9654.0
10330.0, 9703.0
10330.0, 9703.0
10330.0, 9703.0
10299.0, 9818.0
10299.0, 9818.0
10216.0, 9950.0
10180.0, 10445.0
9956.0, 10609.0
9956.0, 10609.0
9353.0, 10672.0
9007.0, 10751.0
9007.0, 10751.0
8613.0, 10765.0
8548.0, 10770.0
8331.0, 11161.0
NEW ITER
11130.0, 8685.0
11130.0, 8685.0
11130.0, 8685.0
11094.0, 9180.0
11094.0, 9180.0
10787.0, 9476.0
10646.0, 9508.0
10646.0, 9508.0
10646.0, 9508.0
10646.0, 9508.0
10646.0, 9508.0
10641.0, 9888.0
10641.0, 9888.0
10641.0, 9888.0
10641.0, 9888.0
10641.0, 9888.0
10641.0, 9888.0
10641.0, 9888.0
10641.0, 9888.0
10610.0, 10003.0
10610.0, 10003.0
10610.0, 10003.0
10610.0, 10003.0
10610.0, 10003.0
10610.0, 10003.0
10326.0, 10033.0
10326.0, 10033.0
10303.0, 10299.0
10303.0, 10299.0
10303.0, 10299.0
10303.0, 10299.0
10180.0, 10445.0
10180.0, 10445.0
10180.0, 10445.0
10180.0, 10445.0
10180.0, 10445.0
10180.0, 10445.0
10145.0, 10709.0
10145.0, 10709.0
10145.0, 10709.0
9822.0, 10739.0
9621.0, 10949.0
9621.0, 10949.0
9397.0, 11113.0
9397.0, 11113.0
9397.0, 11113.0
9397.0, 11113.0
9397.0, 11113.0
8331.0, 11161.0
8108.0, 11218.0
8108.0, 11218.0
7934.0, 11277.0
