NEW ITER
10421.0, 8522.0
9016.0, 8557.0
8883.0, 8567.0
NEW ITER
11354.0, 8413.0
11029.0, 8466.0
10813.0, 8898.0
10662.0, 9111.0
10542.0, 9125.0
10379.0, 9426.0
10191.0, 9569.0
9566.0, 9643.0
9231.0, 9894.0
NEW ITER
12079.0, 8763.0
11817.0, 9091.0
11721.0, 9509.0
11302.0, 9584.0
11039.0, 9652.0
11036.0, 9688.0
10801.0, 9920.0
10501.0, 9933.0
10476.0, 10071.0
9975.0, 10077.0
9956.0, 10244.0
9901.0, 10262.0
9901.0, 10262.0
9682.0, 10277.0
9019.0, 10327.0
8920.0, 10410.0
8796.0, 10417.0
NEW ITER
12480.0, 8080.0
12379.0, 8754.0
12181.0, 9140.0
11901.0, 9514.0
11849.0, 9810.0
11703.0, 9825.0
11484.0, 9840.0
11176.0, 10228.0
10950.0, 10257.0
10824.0, 10420.0
10824.0, 10420.0
10605.0, 10435.0
10356.0, 10619.0
10331.0, 10767.0
10331.0, 10767.0
10112.0, 10782.0
9177.0, 10959.0
9177.0, 10959.0
NEW ITER
12678.0, 7888.0
12645.0, 7895.0
12645.0, 7895.0
12480.0, 8080.0
12480.0, 8080.0
12468.0, 8404.0
12394.0, 9167.0
12394.0, 9167.0
12394.0, 9167.0
12149.0, 9801.0
11883.0, 9830.0
11883.0, 9830.0
11664.0, 9845.0
11664.0, 9845.0
11596.0, 9853.0
11484.0, 9916.0
11484.0, 9916.0
11356.0, 10233.0
11130.0, 10262.0
11124.0, 10411.0
11124.0, 10411.0
11038.0, 10476.0
11038.0, 10476.0
11038.0, 10476.0
11038.0, 10476.0
10939.0, 10559.0
10939.0, 10559.0
10939.0, 10559.0
10939.0, 10559.0
10932.0, 10573.0
10932.0, 10573.0
10932.0, 10573.0
10932.0, 10573.0
10536.0, 10624.0
10374.0, 10724.0
10374.0, 10724.0
10374.0, 10724.0
10331.0, 10767.0
10331.0, 10767.0
10331.0, 10767.0
10211.0, 10775.0
10211.0, 10775.0
10112.0, 10858.0
10112.0, 10858.0
10112.0, 10858.0
10094.0, 11098.0
10094.0, 11098.0
10094.0, 11098.0
