NEW ITER
7199.0, 3560.0
6675.0, 3800.0
6278.0, 4967.0
6652.0, 4066.0
6625.0, 4133.0
NEW ITER
7211.0, 4531.0
7542.0, 4464.0
7018.0, 4704.0
6341.0, 5284.0
5904.0, 5873.0
6664.0, 5037.0
6995.0, 4970.0
6637.0, 5104.0
NEW ITER
7211.0, 4531.0
7542.0, 4464.0
7027.0, 5397.0
7542.0, 4464.0
6837.0, 5437.0
6837.0, 5437.0
7211.0, 4531.0
7058.0, 5287.0
7196.0, 4760.0
7227.0, 4490.0
7542.0, 4464.0
7081.0, 5021.0
6590.0, 5986.0
7027.0, 5397.0
6590.0, 5986.0
5558.0, 6169.0
7211.0, 4531.0
7058.0, 5287.0
7196.0, 4760.0
7542.0, 4464.0
7227.0, 4490.0
6263.0, 6010.0
NEW ITER
7211.0, 4531.0
7542.0, 4464.0
7027.0, 5397.0
7542.0, 4464.0
6837.0, 5437.0
6837.0, 5437.0
7211.0, 4531.0
7058.0, 5287.0
7196.0, 4760.0
7227.0, 4490.0
7542.0, 4464.0
7081.0, 5021.0
7027.0, 5397.0
7211.0, 4531.0
7058.0, 5287.0
7196.0, 4760.0
7542.0, 4464.0
7227.0, 4490.0
7211.0, 4531.0
6837.0, 5437.0
6822.0, 5506.0
6837.0, 5437.0
7211.0, 4531.0
7058.0, 5287.0
7196.0, 4760.0
7227.0, 4490.0
7542.0, 4464.0
7211.0, 4531.0
7058.0, 5287.0
6384.0, 6145.0
7027.0, 5397.0
6822.0, 5506.0
7542.0, 4464.0
7211.0, 4531.0
7058.0, 5287.0
6384.0, 6145.0
7027.0, 5397.0
6822.0, 5506.0
7027.0, 5397.0
7542.0, 4464.0
6837.0, 5437.0
6384.0, 6145.0
6837.0, 5437.0
7196.0, 4760.0
7542.0, 4464.0
7227.0, 4490.0
6593.0, 5993.0
6700.0, 5581.0
7058.0, 5287.0
7542.0, 4464.0
7227.0, 4490.0
6700.0, 5581.0
7058.0, 5287.0
7196.0, 4760.0
7542.0, 4464.0
6837.0, 5437.0
7211.0, 4531.0
7058.0, 5287.0
7196.0, 4760.0
7227.0, 4490.0
6837.0, 5437.0
7542.0, 4464.0
6628.0, 5729.0
6837.0, 5437.0
7027.0, 5397.0
6822.0, 5506.0
7211.0, 4531.0
6837.0, 5437.0
6822.0, 5506.0
6837.0, 5437.0
7027.0, 5397.0
6822.0, 5506.0
7027.0, 5397.0
7542.0, 4464.0
6837.0, 5437.0
6384.0, 6145.0
6837.0, 5437.0
7196.0, 4760.0
7542.0, 4464.0
7227.0, 4490.0
6593.0, 5993.0
6700.0, 5581.0
7058.0, 5287.0
7542.0, 4464.0
7227.0, 4490.0
6700.0, 5581.0
6837.0, 5437.0
7211.0, 4531.0
7058.0, 5287.0
7196.0, 4760.0
7227.0, 4490.0
7058.0, 5287.0
7196.0, 4760.0
7542.0, 4464.0
6357.0, 6212.0
6822.0, 5506.0
5810.0, 6718.0
5917.0, 6306.0
NEW ITER
7211.0, 4531.0
7542.0, 4464.0
7027.0, 5397.0
7542.0, 4464.0
6837.0, 5437.0
6837.0, 5437.0
7211.0, 4531.0
7058.0, 5287.0
7196.0, 4760.0
7227.0, 4490.0
7542.0, 4464.0
7081.0, 5021.0
7027.0, 5397.0
7211.0, 4531.0
7058.0, 5287.0
7196.0, 4760.0
7542.0, 4464.0
7227.0, 4490.0
7211.0, 4531.0
6837.0, 5437.0
6822.0, 5506.0
6837.0, 5437.0
7211.0, 4531.0
7058.0, 5287.0
7196.0, 4760.0
7227.0, 4490.0
7542.0, 4464.0
7211.0, 4531.0
7058.0, 5287.0
6384.0, 6145.0
7027.0, 5397.0
6822.0, 5506.0
7542.0, 4464.0
7211.0, 4531.0
7058.0, 5287.0
6384.0, 6145.0
7027.0, 5397.0
6822.0, 5506.0
7027.0, 5397.0
7542.0, 4464.0
6837.0, 5437.0
6384.0, 6145.0
6837.0, 5437.0
7196.0, 4760.0
7542.0, 4464.0
7227.0, 4490.0
6593.0, 5993.0
6700.0, 5581.0
7058.0, 5287.0
7542.0, 4464.0
7227.0, 4490.0
6700.0, 5581.0
7058.0, 5287.0
7196.0, 4760.0
7542.0, 4464.0
6837.0, 5437.0
7211.0, 4531.0
7058.0, 5287.0
7196.0, 4760.0
7227.0, 4490.0
6837.0, 5437.0
7542.0, 4464.0
6628.0, 5729.0
6837.0, 5437.0
7027.0, 5397.0
6822.0, 5506.0
7211.0, 4531.0
6837.0, 5437.0
6822.0, 5506.0
6837.0, 5437.0
7027.0, 5397.0
6822.0, 5506.0
7027.0, 5397.0
7542.0, 4464.0
6837.0, 5437.0
6384.0, 6145.0
6837.0, 5437.0
7196.0, 4760.0
7542.0, 4464.0
7227.0, 4490.0
6593.0, 5993.0
6700.0, 5581.0
7058.0, 5287.0
7542.0, 4464.0
7227.0, 4490.0
6700.0, 5581.0
6837.0, 5437.0
7211.0, 4531.0
7058.0, 5287.0
7196.0, 4760.0
7227.0, 4490.0
7058.0, 5287.0
7196.0, 4760.0
7542.0, 4464.0
6822.0, 5506.0
5810.0, 6718.0
7027.0, 5397.0
7542.0, 4464.0
6837.0, 5437.0
7542.0, 4464.0
7211.0, 4531.0
7058.0, 5287.0
6384.0, 6145.0
7027.0, 5397.0
6822.0, 5506.0
6369.0, 6214.0
6837.0, 5437.0
7027.0, 5397.0
7542.0, 4464.0
7211.0, 4531.0
7058.0, 5287.0
6384.0, 6145.0
7027.0, 5397.0
6822.0, 5506.0
7027.0, 5397.0
7542.0, 4464.0
6837.0, 5437.0
6384.0, 6145.0
6837.0, 5437.0
7196.0, 4760.0
7542.0, 4464.0
7227.0, 4490.0
6593.0, 5993.0
6700.0, 5581.0
7058.0, 5287.0
7542.0, 4464.0
7227.0, 4490.0
6700.0, 5581.0
7058.0, 5287.0
7196.0, 4760.0
7542.0, 4464.0
6837.0, 5437.0
7211.0, 4531.0
7058.0, 5287.0
7196.0, 4760.0
7227.0, 4490.0
7027.0, 5397.0
7542.0, 4464.0
6837.0, 5437.0
6384.0, 6145.0
6837.0, 5437.0
7196.0, 4760.0
7542.0, 4464.0
7227.0, 4490.0
6593.0, 5993.0
6700.0, 5581.0
7058.0, 5287.0
6837.0, 5437.0
6369.0, 6214.0
6593.0, 5993.0
6026.0, 6439.0
7211.0, 4531.0
6837.0, 5437.0
6822.0, 5506.0
6369.0, 6214.0
6837.0, 5437.0
7027.0, 5397.0
6837.0, 5437.0
7211.0, 4531.0
7058.0, 5287.0
7196.0, 4760.0
7227.0, 4490.0
7027.0, 5397.0
7542.0, 4464.0
6837.0, 5437.0
6384.0, 6145.0
6837.0, 5437.0
7196.0, 4760.0
7542.0, 4464.0
7227.0, 4490.0
6593.0, 5993.0
6700.0, 5581.0
7058.0, 5287.0
6837.0, 5437.0
6369.0, 6214.0
6593.0, 5993.0
6026.0, 6439.0
7211.0, 4531.0
6837.0, 5437.0
6822.0, 5506.0
6369.0, 6214.0
6837.0, 5437.0
7027.0, 5397.0
7211.0, 4531.0
6837.0, 5437.0
6822.0, 5506.0
6837.0, 5437.0
7211.0, 4531.0
7058.0, 5287.0
7196.0, 4760.0
7227.0, 4490.0
7542.0, 4464.0
7211.0, 4531.0
7058.0, 5287.0
6384.0, 6145.0
7027.0, 5397.0
6822.0, 5506.0
7058.0, 5287.0
6837.0, 5437.0
6369.0, 6214.0
6593.0, 5993.0
6026.0, 6439.0
7542.0, 4464.0
7211.0, 4531.0
7058.0, 5287.0
6384.0, 6145.0
7027.0, 5397.0
6822.0, 5506.0
7058.0, 5287.0
7542.0, 4464.0
7227.0, 4490.0
6700.0, 5581.0
6837.0, 5437.0
7211.0, 4531.0
7058.0, 5287.0
7196.0, 4760.0
7227.0, 4490.0
7058.0, 5287.0
7196.0, 4760.0
7542.0, 4464.0
6026.0, 6439.0
6384.0, 6145.0
6700.0, 5581.0
7058.0, 5287.0
6026.0, 6439.0
7196.0, 4760.0
6593.0, 5993.0
7058.0, 5287.0
6384.0, 6145.0
6837.0, 5437.0
7196.0, 4760.0
7542.0, 4464.0
7227.0, 4490.0
6593.0, 5993.0
6700.0, 5581.0
6837.0, 5437.0
7211.0, 4531.0
7058.0, 5287.0
7196.0, 4760.0
7227.0, 4490.0
7058.0, 5287.0
7196.0, 4760.0
7542.0, 4464.0
6026.0, 6439.0
7196.0, 4760.0
6593.0, 5993.0
7058.0, 5287.0
6384.0, 6145.0
6837.0, 5437.0
7196.0, 4760.0
7542.0, 4464.0
7227.0, 4490.0
6593.0, 5993.0
6700.0, 5581.0
7058.0, 5287.0
7542.0, 4464.0
7227.0, 4490.0
6700.0, 5581.0
6837.0, 5437.0
7211.0, 4531.0
7058.0, 5287.0
7196.0, 4760.0
7227.0, 4490.0
7542.0, 4464.0
7211.0, 4531.0
7058.0, 5287.0
6384.0, 6145.0
7027.0, 5397.0
6822.0, 5506.0
7027.0, 5397.0
7542.0, 4464.0
6837.0, 5437.0
6384.0, 6145.0
6837.0, 5437.0
7196.0, 4760.0
7542.0, 4464.0
7227.0, 4490.0
6593.0, 5993.0
6700.0, 5581.0
7058.0, 5287.0
7542.0, 4464.0
7227.0, 4490.0
6700.0, 5581.0
7058.0, 5287.0
7196.0, 4760.0
7542.0, 4464.0
7542.0, 4464.0
7211.0, 4531.0
7058.0, 5287.0
6384.0, 6145.0
7027.0, 5397.0
6822.0, 5506.0
6837.0, 5437.0
7211.0, 4531.0
7058.0, 5287.0
7196.0, 4760.0
7227.0, 4490.0
6384.0, 6145.0
7081.0, 5021.0
6069.0, 6233.0
7542.0, 4464.0
7211.0, 4531.0
7058.0, 5287.0
6384.0, 6145.0
7027.0, 5397.0
6822.0, 5506.0
7211.0, 4531.0
6837.0, 5437.0
6822.0, 5506.0
6369.0, 6214.0
6837.0, 5437.0
7027.0, 5397.0
7027.0, 5397.0
7542.0, 4464.0
6837.0, 5437.0
7542.0, 4464.0
7211.0, 4531.0
7058.0, 5287.0
6384.0, 6145.0
7027.0, 5397.0
6822.0, 5506.0
6369.0, 6214.0
6837.0, 5437.0
7027.0, 5397.0
7542.0, 4464.0
7211.0, 4531.0
7058.0, 5287.0
6384.0, 6145.0
7027.0, 5397.0
6822.0, 5506.0
7211.0, 4531.0
6837.0, 5437.0
6822.0, 5506.0
6369.0, 6214.0
6837.0, 5437.0
7027.0, 5397.0
7211.0, 4531.0
6837.0, 5437.0
6822.0, 5506.0
6837.0, 5437.0
7211.0, 4531.0
7058.0, 5287.0
7196.0, 4760.0
7227.0, 4490.0
7542.0, 4464.0
7211.0, 4531.0
7058.0, 5287.0
6384.0, 6145.0
7027.0, 5397.0
6822.0, 5506.0
7058.0, 5287.0
6837.0, 5437.0
6369.0, 6214.0
6593.0, 5993.0
6026.0, 6439.0
7542.0, 4464.0
7211.0, 4531.0
7058.0, 5287.0
6384.0, 6145.0
7027.0, 5397.0
6822.0, 5506.0
7058.0, 5287.0
7542.0, 4464.0
7227.0, 4490.0
6700.0, 5581.0
6837.0, 5437.0
7211.0, 4531.0
7058.0, 5287.0
7196.0, 4760.0
7227.0, 4490.0
7058.0, 5287.0
7196.0, 4760.0
7542.0, 4464.0
6026.0, 6439.0
6384.0, 6145.0
6700.0, 5581.0
7058.0, 5287.0
6026.0, 6439.0
7196.0, 4760.0
6593.0, 5993.0
7058.0, 5287.0
6384.0, 6145.0
6837.0, 5437.0
7196.0, 4760.0
7542.0, 4464.0
7227.0, 4490.0
6593.0, 5993.0
6700.0, 5581.0
6837.0, 5437.0
7211.0, 4531.0
7058.0, 5287.0
7196.0, 4760.0
7227.0, 4490.0
7058.0, 5287.0
7196.0, 4760.0
7542.0, 4464.0
6026.0, 6439.0
7196.0, 4760.0
6593.0, 5993.0
7058.0, 5287.0
7542.0, 4464.0
7211.0, 4531.0
7058.0, 5287.0
6384.0, 6145.0
7027.0, 5397.0
6822.0, 5506.0
7027.0, 5397.0
7542.0, 4464.0
6837.0, 5437.0
6384.0, 6145.0
6837.0, 5437.0
7196.0, 4760.0
7542.0, 4464.0
7227.0, 4490.0
6593.0, 5993.0
6700.0, 5581.0
7058.0, 5287.0
7542.0, 4464.0
7227.0, 4490.0
6700.0, 5581.0
7058.0, 5287.0
7196.0, 4760.0
7542.0, 4464.0
6384.0, 6145.0
6837.0, 5437.0
7196.0, 4760.0
7542.0, 4464.0
7227.0, 4490.0
6593.0, 5993.0
6700.0, 5581.0
7058.0, 5287.0
7542.0, 4464.0
7227.0, 4490.0
6700.0, 5581.0
6837.0, 5437.0
7211.0, 4531.0
7058.0, 5287.0
7196.0, 4760.0
7227.0, 4490.0
6822.0, 5506.0
5810.0, 6718.0
5864.0, 6667.0
6369.0, 6214.0
6369.0, 6214.0
6837.0, 5437.0
7027.0, 5397.0
5864.0, 6667.0
6369.0, 6214.0
5263.0, 6912.0
5116.0, 7071.0
6015.0, 6609.0
5810.0, 6718.0
5263.0, 6912.0
