NEW ITER
[5798. 4267.]
[5765. 4520.]
[5703. 4571.]
[5369. 4692.]
[5327. 4897.]
[5158. 5230.]
[4068. 5556.]
NEW ITER
[6551. 4896.]
[6551. 4896.]
[6465. 5294.]
[6349. 5528.]
[6214. 5599.]
[6107. 5858.]
[6012. 6162.]
[6012. 6162.]
[5625. 6428.]
NEW ITER
[7186. 4849.]
[7186. 4849.]
[7186. 4849.]
[7091. 5153.]
[6975. 5387.]
[6858. 5577.]
[6856. 5682.]
[6742. 5811.]
[6742. 5811.]
[6647. 6115.]
[6647. 6115.]
[6647. 6115.]
[6528. 6410.]
[5954. 6541.]
NEW ITER
[7571. 5758.]
[7571. 5758.]
[7249. 5965.]
[7249. 5965.]
[7249. 5965.]
[7249. 5965.]
[7243. 6486.]
[7243. 6486.]
[7243. 6486.]
[5954. 6541.]
NEW ITER
[7571. 5758.]
[7571. 5758.]
[7571. 5758.]
[7571. 5758.]
[7571. 5758.]
[7569. 5984.]
[7569. 5984.]
[7569. 5984.]
[7569. 5984.]
[7569. 5984.]
[7569. 5984.]
[7569. 5984.]
[7569. 5984.]
[7569. 5984.]
[7329. 6088.]
[7329. 6088.]
[7329. 6088.]
[7329. 6088.]
[7329. 6088.]
[7243. 6486.]
[7243. 6486.]
[7243. 6486.]
[7243. 6486.]
[7243. 6486.]
[5954. 6541.]
