NEW ITER
[5327. 4897.]
[5369. 4692.]
[5158. 5230.]
[5712. 4665.]
NEW ITER
[6551. 4896.]
[6658. 4637.]
[6465. 5294.]
[6223. 5624.]
[6349. 5528.]
[6465. 5294.]
[6021. 6256.]
NEW ITER
[7186. 4849.]
[6856. 5682.]
[7091. 5153.]
[7186. 4849.]
[7091. 5153.]
[6858. 5577.]
[6858. 5577.]
[5625. 6428.]
[6856. 5682.]
[6975. 5387.]
[6856. 5682.]
[7186. 4849.]
[6761. 5986.]
[7091. 5153.]
[6858. 5577.]
[6528. 6410.]
[6647. 6115.]
NEW ITER
[7249. 5965.]
[7571. 5758.]
[7571. 5758.]
[7571. 5758.]
[7243. 6486.]
[7243. 6486.]
[5954. 6541.]
[7249. 5965.]
[7571. 5758.]
[7249. 5965.]
[7249. 5965.]
[7243. 6486.]
NEW ITER
[7571. 5758.]
[7571. 5758.]
[7571. 5758.]
[7243. 6486.]
[7243. 6486.]
[5954. 6541.]
[7571. 5758.]
[7243. 6486.]
[7569. 5984.]
[7243. 6486.]
[7569. 5984.]
[7329. 6088.]
[7243. 6486.]
[7569. 5984.]
[7329. 6088.]
[7243. 6486.]
[7569. 5984.]
[7329. 6088.]
[7569. 5984.]
[7329. 6088.]
[7571. 5758.]
[7569. 5984.]
[7329. 6088.]
[7571. 5758.]
[7243. 6486.]
[7569. 5984.]
[7243. 6486.]
[7569. 5984.]
[7329. 6088.]
[7569. 5984.]
[7569. 5984.]
[7569. 5984.]
[7329. 6088.]
[7571. 5758.]
