NEW ITER
[6423. 4451.]
[6240. 4453.]
[5876. 4645.]
[5769. 5057.]
NEW ITER
[7250. 4224.]
[7067. 4226.]
[7018. 4704.]
[6703. 4730.]
[6703. 4730.]
[6596. 4830.]
[6482. 4880.]
[6299. 4882.]
[6254. 5248.]
[6212. 5383.]
[5828. 5486.]
[5285. 5880.]
[5064. 6030.]
NEW ITER
[7455. 4115.]
[7455. 4115.]
[7265. 4155.]
[7265. 4155.]
[7250. 4224.]
[7250. 4224.]
[7250. 4224.]
[7250. 4224.]
[7250. 4224.]
[7250. 4224.]
[7250. 4224.]
[7249. 4336.]
[7249. 4336.]
[7227. 4490.]
[7227. 4490.]
[7227. 4490.]
[7081. 5021.]
[7081. 5021.]
[7081. 5021.]
[6853. 5391.]
[6590. 5986.]
[6275. 6012.]
[6275. 6012.]
[6168. 6112.]
[5880. 6133.]
[5728. 6206.]
[5659. 6283.]
[5659. 6283.]
[5609. 6616.]
[5609. 6616.]
NEW ITER
[7542. 4464.]
[7542. 4464.]
[7542. 4464.]
[7542. 4464.]
[7542. 4464.]
[7542. 4464.]
[7542. 4464.]
[7542. 4464.]
[7542. 4464.]
[7542. 4464.]
[7542. 4464.]
[7542. 4464.]
[7542. 4464.]
[7542. 4464.]
[7542. 4464.]
[7227. 4490.]
[7227. 4490.]
[7227. 4490.]
[7227. 4490.]
[7227. 4490.]
[7227. 4490.]
[7211. 4531.]
[7211. 4531.]
[7196. 4600.]
[7196. 4760.]
[7196. 4760.]
[7196. 4760.]
[7196. 4760.]
[7081. 5021.]
[7081. 5021.]
[7081. 5021.]
[7081. 5021.]
[7081. 5021.]
[7081. 5021.]
[7081. 5021.]
[7081. 5021.]
[7081. 5021.]
[7081. 5021.]
[7081. 5021.]
[7081. 5021.]
[7081. 5021.]
[7081. 5021.]
[7081. 5021.]
[7058. 5287.]
[7058. 5287.]
[7058. 5287.]
[7058. 5287.]
[7058. 5287.]
[7058. 5287.]
[7058. 5287.]
[7027. 5397.]
[7027. 5397.]
[6837. 5437.]
[6837. 5437.]
[6837. 5437.]
[6837. 5437.]
[6822. 5506.]
[6822. 5506.]
[6822. 5506.]
[6822. 5506.]
[6822. 5506.]
[6822. 5506.]
[6822. 5506.]
[6628. 5729.]
[6628. 5729.]
[6628. 5729.]
[6628. 5729.]
[6590. 5986.]
[6590. 5986.]
[6590. 5986.]
[6590. 5986.]
[6590. 5986.]
[6369. 6214.]
[6369. 6214.]
[6369. 6214.]
[6369. 6214.]
[6069. 6233.]
[5917. 6306.]
[5917. 6306.]
[5917. 6306.]
[5860. 6385.]
[5860. 6385.]
[5860. 6385.]
[5845. 6397.]
[5822. 6408.]
[5822. 6408.]
[5810. 6718.]
[5810. 6718.]
[5810. 6718.]
[5810. 6718.]
[5263. 6912.]
[5263. 6912.]
[5263. 6912.]
[5116. 7071.]
[5116. 7071.]
NEW ITER
[7542. 4464.]
[7542. 4464.]
[7542. 4464.]
[7542. 4464.]
[7542. 4464.]
[7542. 4464.]
[7542. 4464.]
[7542. 4464.]
[7542. 4464.]
[7542. 4464.]
[7542. 4464.]
[7542. 4464.]
[7542. 4464.]
[7542. 4464.]
[7542. 4464.]
[7542. 4464.]
[7542. 4464.]
[7542. 4464.]
[7542. 4464.]
[7542. 4464.]
[7542. 4464.]
[7542. 4464.]
[7542. 4464.]
[7542. 4464.]
[7542. 4464.]
[7542. 4464.]
[7542. 4464.]
[7542. 4464.]
[7542. 4464.]
[7542. 4464.]
[7542. 4464.]
[7542. 4464.]
[7542. 4464.]
[7542. 4464.]
[7542. 4464.]
[7542. 4464.]
[7542. 4464.]
[7542. 4464.]
[7542. 4464.]
[7227. 4490.]
[7227. 4490.]
[7227. 4490.]
[7227. 4490.]
[7227. 4490.]
[7227. 4490.]
[7227. 4490.]
[7227. 4490.]
[7227. 4490.]
[7227. 4490.]
[7227. 4490.]
[7227. 4490.]
[7227. 4490.]
[7227. 4490.]
[7227. 4490.]
[7227. 4490.]
[7227. 4490.]
[7227. 4490.]
[7227. 4490.]
[7227. 4490.]
[7227. 4490.]
[7227. 4490.]
[7227. 4490.]
[7227. 4490.]
[7227. 4490.]
[7227. 4490.]
[7227. 4490.]
[7227. 4490.]
[7227. 4490.]
[7227. 4490.]
[7227. 4490.]
[7227. 4490.]
[7211. 4531.]
[7211. 4531.]
[7211. 4531.]
[7211. 4531.]
[7211. 4531.]
[7211. 4531.]
[7211. 4531.]
[7211. 4531.]
[7211. 4531.]
[7211. 4531.]
[7211. 4531.]
[7211. 4531.]
[7211. 4531.]
[7211. 4531.]
[7211. 4531.]
[7211. 4531.]
[7211. 4531.]
[7211. 4531.]
[7211. 4531.]
[7211. 4531.]
[7211. 4531.]
[7211. 4531.]
[7211. 4531.]
[7211. 4531.]
[7196. 4600.]
[7196. 4600.]
[7196. 4600.]
[7196. 4600.]
[7196. 4600.]
[7196. 4600.]
[7196. 4600.]
[7196. 4600.]
[7196. 4600.]
[7196. 4760.]
[7196. 4760.]
[7196. 4760.]
[7196. 4760.]
[7196. 4760.]
[7196. 4760.]
[7196. 4760.]
[7196. 4760.]
[7196. 4760.]
[7196. 4760.]
[7196. 4760.]
[7196. 4760.]
[7196. 4760.]
[7196. 4760.]
[7196. 4760.]
[7196. 4760.]
[7196. 4760.]
[7196. 4760.]
[7196. 4760.]
[7196. 4760.]
[7196. 4760.]
[7196. 4760.]
[7196. 4760.]
[7196. 4760.]
[7196. 4760.]
[7196. 4760.]
[7196. 4760.]
[7196. 4760.]
[7196. 4760.]
[7081. 5021.]
[7081. 5021.]
[7081. 5021.]
[7081. 5021.]
[7081. 5021.]
[7081. 5021.]
[7081. 5021.]
[7081. 5021.]
[7081. 5021.]
[7081. 5021.]
[7081. 5021.]
[7081. 5021.]
[7081. 5021.]
[7081. 5021.]
[7081. 5021.]
[7081. 5021.]
[7081. 5021.]
[7081. 5021.]
[7081. 5021.]
[7058. 5287.]
[7058. 5287.]
[7058. 5287.]
[7058. 5287.]
[7058. 5287.]
[7058. 5287.]
[7058. 5287.]
[7058. 5287.]
[7058. 5287.]
[7058. 5287.]
[7058. 5287.]
[7058. 5287.]
[7058. 5287.]
[7058. 5287.]
[7058. 5287.]
[7058. 5287.]
[7058. 5287.]
[7058. 5287.]
[7058. 5287.]
[7058. 5287.]
[7058. 5287.]
[7058. 5287.]
[7058. 5287.]
[7058. 5287.]
[7058. 5287.]
[7058. 5287.]
[7058. 5287.]
[7058. 5287.]
[7058. 5287.]
[7058. 5287.]
[7058. 5287.]
[7058. 5287.]
[7058. 5287.]
[7058. 5287.]
[7058. 5287.]
[7058. 5287.]
[7058. 5287.]
[7058. 5287.]
[7058. 5287.]
[7058. 5287.]
[7058. 5287.]
[7058. 5287.]
[7058. 5287.]
[7058. 5287.]
[7058. 5287.]
[7027. 5397.]
[7027. 5397.]
[7027. 5397.]
[7027. 5397.]
[7027. 5397.]
[7027. 5397.]
[7027. 5397.]
[7027. 5397.]
[7027. 5397.]
[7027. 5397.]
[7027. 5397.]
[7027. 5397.]
[7027. 5397.]
[7027. 5397.]
[7027. 5397.]
[7027. 5397.]
[7027. 5397.]
[7027. 5397.]
[7027. 5397.]
[7027. 5397.]
[7027. 5397.]
[7027. 5397.]
[6837. 5437.]
[6837. 5437.]
[6837. 5437.]
[6837. 5437.]
[6837. 5437.]
[6837. 5437.]
[6837. 5437.]
[6837. 5437.]
[6837. 5437.]
[6837. 5437.]
[6837. 5437.]
[6837. 5437.]
[6837. 5437.]
[6837. 5437.]
[6837. 5437.]
[6837. 5437.]
[6837. 5437.]
[6837. 5437.]
[6837. 5437.]
[6837. 5437.]
[6837. 5437.]
[6837. 5437.]
[6837. 5437.]
[6837. 5437.]
[6837. 5437.]
[6837. 5437.]
[6837. 5437.]
[6837. 5437.]
[6837. 5437.]
[6837. 5437.]
[6837. 5437.]
[6837. 5437.]
[6837. 5437.]
[6837. 5437.]
[6837. 5437.]
[6837. 5437.]
[6837. 5437.]
[6837. 5437.]
[6837. 5437.]
[6837. 5437.]
[6837. 5437.]
[6837. 5437.]
[6837. 5437.]
[6837. 5437.]
[6837. 5437.]
[6822. 5506.]
[6822. 5506.]
[6822. 5506.]
[6822. 5506.]
[6822. 5506.]
[6822. 5506.]
[6822. 5506.]
[6822. 5506.]
[6822. 5506.]
[6822. 5506.]
[6822. 5506.]
[6822. 5506.]
[6822. 5506.]
[6822. 5506.]
[6822. 5506.]
[6822. 5506.]
[6822. 5506.]
[6822. 5506.]
[6822. 5506.]
[6822. 5506.]
[6822. 5506.]
[6822. 5506.]
[6822. 5506.]
[6822. 5506.]
[6822. 5506.]
[6822. 5506.]
[6822. 5506.]
[6822. 5506.]
[6822. 5506.]
[6700. 5581.]
[6700. 5581.]
[6700. 5581.]
[6700. 5581.]
[6700. 5581.]
[6700. 5581.]
[6700. 5581.]
[6700. 5581.]
[6700. 5581.]
[6700. 5581.]
[6700. 5581.]
[6628. 5729.]
[6628. 5729.]
[6628. 5729.]
[6628. 5729.]
[6628. 5729.]
[6628. 5729.]
[6628. 5729.]
[6628. 5729.]
[6628. 5729.]
[6628. 5729.]
[6628. 5729.]
[6628. 5729.]
[6628. 5729.]
[6628. 5729.]
[6628. 5729.]
[6628. 5729.]
[6628. 5729.]
[6628. 5729.]
[6628. 5729.]
[6628. 5729.]
[6593. 5993.]
[6593. 5993.]
[6593. 5993.]
[6593. 5993.]
[6593. 5993.]
[6593. 5993.]
[6593. 5993.]
[6593. 5993.]
[6593. 5993.]
[6384. 6145.]
[6384. 6145.]
[6384. 6145.]
[6384. 6145.]
[6384. 6145.]
[6384. 6145.]
[6384. 6145.]
[6384. 6145.]
[6384. 6145.]
[6384. 6145.]
[6384. 6145.]
[6384. 6145.]
[6384. 6145.]
[6384. 6145.]
[6384. 6145.]
[6384. 6145.]
[6384. 6145.]
[6384. 6145.]
[6384. 6145.]
[6369. 6214.]
[6369. 6214.]
[6369. 6214.]
[6369. 6214.]
[6369. 6214.]
[6369. 6214.]
[6369. 6214.]
[6369. 6214.]
[6369. 6214.]
[6369. 6214.]
[6369. 6214.]
[6369. 6214.]
[6369. 6214.]
[6369. 6214.]
[6369. 6214.]
[6369. 6214.]
[6369. 6214.]
[6369. 6214.]
[6369. 6214.]
[6369. 6214.]
[6069. 6233.]
[6069. 6233.]
[6069. 6233.]
[6069. 6233.]
[6069. 6233.]
[6069. 6233.]
[6069. 6233.]
[6069. 6233.]
[6068. 6358.]
[6068. 6358.]
[6068. 6358.]
[6015. 6609.]
[6015. 6609.]
[6015. 6609.]
[6015. 6609.]
[6015. 6609.]
[6015. 6609.]
[5864. 6667.]
[5864. 6667.]
[5864. 6667.]
[5864. 6667.]
[5864. 6667.]
[5864. 6667.]
[5864. 6667.]
[5864. 6667.]
[5864. 6667.]
[5864. 6667.]
[5810. 6718.]
[5810. 6718.]
[5810. 6718.]
[5810. 6718.]
[5810. 6718.]
[5810. 6718.]
[5810. 6718.]
[5810. 6718.]
[5810. 6718.]
[5810. 6718.]
[5810. 6718.]
[5810. 6718.]
[5810. 6718.]
[5810. 6718.]
[5810. 6718.]
[5810. 6718.]
[5810. 6718.]
[5810. 6718.]
[5810. 6718.]
[5355. 6838.]
[5355. 6838.]
[5355. 6838.]
[5355. 6838.]
[5278. 6843.]
[5278. 6843.]
[5278. 6843.]
[5278. 6843.]
[5263. 6912.]
[5263. 6912.]
[5263. 6912.]
[5263. 6912.]
[5263. 6912.]
[5263. 6912.]
[5263. 6912.]
[5263. 6912.]
[5263. 6912.]
[5263. 6912.]
[5263. 6912.]
[5263. 6912.]
[5263. 6912.]
[5263. 6912.]
[5131. 7002.]
[5131. 7002.]
[5131. 7002.]
[5116. 7071.]
[5116. 7071.]
[5116. 7071.]
[5116. 7071.]
[5116. 7071.]
[5116. 7071.]
[5116. 7071.]
[5116. 7071.]
[5116. 7071.]
