NEW ITER
[5365. 5209.]
[5729. 4804.]
[6502. 4628.]
[5555. 5174.]
NEW ITER
[5341. 6339.]
[5828. 5486.]
[7026. 4388.]
[7250. 4224.]
[5797. 5601.]
[5828. 5486.]
[6759. 5189.]
[6018. 5451.]
[6333. 5425.]
[7018. 4704.]
[5614. 5603.]
[6018. 5451.]
NEW ITER
[6168. 6112.]
[5621. 6618.]
[6168. 6112.]
[5659. 6283.]
[7227. 4490.]
[6857. 5185.]
[7542. 4464.]
[6822. 5506.]
[7196. 4600.]
[7081. 5021.]
[6822. 5506.]
[6275. 6012.]
[5659. 6283.]
[6168. 6112.]
[5621. 6618.]
[5659. 6283.]
[6822. 5506.]
[6853. 5391.]
[7196. 4600.]
[6275. 6012.]
[6590. 5986.]
[5728. 6206.]
[5880. 6133.]
[7081. 5021.]
[5659. 6283.]
[5880. 6133.]
[7081. 5021.]
[5621. 6618.]
[5621. 6618.]
[5880. 6133.]
NEW ITER
[7227. 4490.]
[7542. 4464.]
[6822. 5506.]
[7081. 5021.]
[6822. 5506.]
[6822. 5506.]
[6590. 5986.]
[7081. 5021.]
[7081. 5021.]
[6822. 5506.]
[5822. 6408.]
[6369. 6214.]
[5822. 6408.]
[6369. 6214.]
[5263. 6912.]
[5116. 7071.]
[5810. 6718.]
[6822. 5506.]
[5822. 6408.]
[6369. 6214.]
[5860. 6385.]
[7058. 5287.]
[7196. 4760.]
[7542. 4464.]
[6837. 5437.]
[7542. 4464.]
[7058. 5287.]
[6837. 5437.]
[7211. 4531.]
[7058. 5287.]
[7196. 4760.]
[7227. 4490.]
[6369. 6214.]
[6590. 5986.]
[6837. 5437.]
[7027. 5397.]
[6822. 5506.]
[7027. 5397.]
[7211. 4531.]
[6837. 5437.]
[6628. 5729.]
[7058. 5287.]
[6369. 6214.]
[6590. 5986.]
[6837. 5437.]
[7027. 5397.]
[6369. 6214.]
[6822. 5506.]
[5810. 6718.]
[5917. 6306.]
[6590. 5986.]
[5860. 6385.]
[6822. 5506.]
[5822. 6408.]
[6369. 6214.]
[5822. 6408.]
[6369. 6214.]
[5263. 6912.]
[5116. 7071.]
[5810. 6718.]
[5860. 6385.]
[6369. 6214.]
[6590. 5986.]
[6837. 5437.]
[7027. 5397.]
[6822. 5506.]
[6369. 6214.]
[6822. 5506.]
[7027. 5397.]
[7211. 4531.]
[6369. 6214.]
[6822. 5506.]
[5810. 6718.]
[5917. 6306.]
[6590. 5986.]
[6837. 5437.]
[7027. 5397.]
[6822. 5506.]
[5822. 6408.]
[5263. 6912.]
[5917. 6306.]
[6628. 5729.]
[5860. 6385.]
[6069. 6233.]
[7027. 5397.]
[7542. 4464.]
[7058. 5287.]
[6628. 5729.]
[5860. 6385.]
[6628. 5729.]
[5860. 6385.]
[6069. 6233.]
[6590. 5986.]
[7027. 5397.]
[6837. 5437.]
[6822. 5506.]
[7542. 4464.]
[7058. 5287.]
[6628. 5729.]
[5822. 6408.]
[6369. 6214.]
[5263. 6912.]
[5116. 7071.]
[5810. 6718.]
[5822. 6408.]
[6369. 6214.]
[5263. 6912.]
[5116. 7071.]
[5810. 6718.]
[6628. 5729.]
[5860. 6385.]
[6069. 6233.]
NEW ITER
[7227. 4490.]
[7542. 4464.]
[6822. 5506.]
[7081. 5021.]
[6822. 5506.]
[6822. 5506.]
[7081. 5021.]
[7081. 5021.]
[6822. 5506.]
[6369. 6214.]
[6369. 6214.]
[5263. 6912.]
[5116. 7071.]
[5810. 6718.]
[6822. 5506.]
[6369. 6214.]
[7058. 5287.]
[7196. 4760.]
[7542. 4464.]
[6837. 5437.]
[7542. 4464.]
[7058. 5287.]
[6837. 5437.]
[7211. 4531.]
[7058. 5287.]
[7196. 4760.]
[7227. 4490.]
[6369. 6214.]
[6837. 5437.]
[7027. 5397.]
[6822. 5506.]
[7027. 5397.]
[7211. 4531.]
[6837. 5437.]
[6628. 5729.]
[7058. 5287.]
[6369. 6214.]
[6837. 5437.]
[7027. 5397.]
[6369. 6214.]
[6822. 5506.]
[5810. 6718.]
[6822. 5506.]
[6369. 6214.]
[6369. 6214.]
[5263. 6912.]
[5116. 7071.]
[5810. 6718.]
[6369. 6214.]
[6837. 5437.]
[7027. 5397.]
[6822. 5506.]
[6369. 6214.]
[6822. 5506.]
[7027. 5397.]
[7211. 4531.]
[6369. 6214.]
[6822. 5506.]
[5810. 6718.]
[6837. 5437.]
[7027. 5397.]
[6822. 5506.]
[5263. 6912.]
[6628. 5729.]
[6069. 6233.]
[7027. 5397.]
[7542. 4464.]
[7058. 5287.]
[6628. 5729.]
[6628. 5729.]
[6069. 6233.]
[7027. 5397.]
[6837. 5437.]
[6822. 5506.]
[7542. 4464.]
[7058. 5287.]
[6628. 5729.]
[6369. 6214.]
[5263. 6912.]
[5116. 7071.]
[5810. 6718.]
[6369. 6214.]
[5263. 6912.]
[5116. 7071.]
[5810. 6718.]
[6628. 5729.]
[6069. 6233.]
[6369. 6214.]
[6837. 5437.]
[7027. 5397.]
[6369. 6214.]
[5263. 6912.]
[6822. 5506.]
[5810. 6718.]
[5864. 6667.]
[6384. 6145.]
[6369. 6214.]
[5263. 6912.]
[6822. 5506.]
[5810. 6718.]
[5864. 6667.]
[6384. 6145.]
[5116. 7071.]
[5810. 6718.]
[5278. 6843.]
[5864. 6667.]
[5263. 6912.]
[5810. 6718.]
[5131. 7002.]
[5864. 6667.]
[6369. 6214.]
[5263. 6912.]
[5116. 7071.]
[6015. 6609.]
[6369. 6214.]
[6837. 5437.]
[7027. 5397.]
[6369. 6214.]
[5263. 6912.]
[6822. 5506.]
[5810. 6718.]
[5864. 6667.]
[6384. 6145.]
[6628. 5729.]
[6369. 6214.]
[6069. 6233.]
[5355. 6838.]
[6068. 6358.]
[6384. 6145.]
[6837. 5437.]
[7196. 4760.]
[7542. 4464.]
[7227. 4490.]
[6593. 5993.]
[6700. 5581.]
[7058. 5287.]
[7542. 4464.]
[7227. 4490.]
[6700. 5581.]
[6837. 5437.]
[7211. 4531.]
[7058. 5287.]
[7196. 4760.]
[7227. 4490.]
[7542. 4464.]
[7211. 4531.]
[7058. 5287.]
[6384. 6145.]
[7027. 5397.]
[6822. 5506.]
[6837. 5437.]
[7211. 4531.]
[7058. 5287.]
[7196. 4760.]
[7227. 4490.]
[6384. 6145.]
[6837. 5437.]
[7196. 4760.]
[7542. 4464.]
[7227. 4490.]
[6593. 5993.]
[6700. 5581.]
[7542. 4464.]
[7211. 4531.]
[7058. 5287.]
[6384. 6145.]
[7027. 5397.]
[6822. 5506.]
[7027. 5397.]
[7542. 4464.]
[6837. 5437.]
[6384. 6145.]
[6837. 5437.]
[7196. 4760.]
[7542. 4464.]
[7227. 4490.]
[6593. 5993.]
[6700. 5581.]
[7058. 5287.]
[7542. 4464.]
[7227. 4490.]
[6700. 5581.]
[7058. 5287.]
[7196. 4760.]
[7542. 4464.]
[6822. 5506.]
[5810. 6718.]
[5864. 6667.]
[6384. 6145.]
[6837. 5437.]
[7027. 5397.]
[6822. 5506.]
[7542. 4464.]
[7211. 4531.]
[7058. 5287.]
[6384. 6145.]
[7027. 5397.]
[6822. 5506.]
[7211. 4531.]
[6837. 5437.]
[6822. 5506.]
[6369. 6214.]
[6837. 5437.]
[7027. 5397.]
[7211. 4531.]
[6837. 5437.]
[6822. 5506.]
[7027. 5397.]
[7542. 4464.]
[6837. 5437.]
[7542. 4464.]
[7211. 4531.]
[7058. 5287.]
[6384. 6145.]
[7027. 5397.]
[6822. 5506.]
[7058. 5287.]
[7081. 5021.]
[6069. 6233.]
[6384. 6145.]
[6837. 5437.]
[7196. 4760.]
[7542. 4464.]
[7227. 4490.]
[6593. 5993.]
[6700. 5581.]
[6822. 5506.]
[5810. 6718.]
[5864. 6667.]
[6384. 6145.]
[6837. 5437.]
[7027. 5397.]
[6822. 5506.]
[7542. 4464.]
[7211. 4531.]
[7058. 5287.]
[6384. 6145.]
[7027. 5397.]
[6822. 5506.]
[7211. 4531.]
[6837. 5437.]
[6822. 5506.]
[6822. 5506.]
[5810. 6718.]
[5864. 6667.]
[6384. 6145.]
[6369. 6214.]
[6837. 5437.]
[7027. 5397.]
[5864. 6667.]
[6369. 6214.]
[5263. 6912.]
[5116. 7071.]
[6015. 6609.]
[5810. 6718.]
[5263. 6912.]
[6837. 5437.]
[7027. 5397.]
[6822. 5506.]
[6628. 5729.]
[6369. 6214.]
[6069. 6233.]
[5355. 6838.]
[6068. 6358.]
[6369. 6214.]
[6837. 5437.]
[7027. 5397.]
[6369. 6214.]
[5263. 6912.]
[6822. 5506.]
[5810. 6718.]
[5864. 6667.]
[6384. 6145.]
[6369. 6214.]
[5263. 6912.]
[6822. 5506.]
[5810. 6718.]
[5864. 6667.]
[6384. 6145.]
[5116. 7071.]
[5810. 6718.]
[5278. 6843.]
[5864. 6667.]
[5263. 6912.]
[5810. 6718.]
[5131. 7002.]
[5864. 6667.]
[6369. 6214.]
[5263. 6912.]
[5116. 7071.]
[6015. 6609.]
[6628. 5729.]
[6369. 6214.]
[6069. 6233.]
[5355. 6838.]
[6068. 6358.]
[6822. 5506.]
[5810. 6718.]
[5864. 6667.]
[6384. 6145.]
[6837. 5437.]
[7027. 5397.]
[6822. 5506.]
[7542. 4464.]
[7211. 4531.]
[7058. 5287.]
[6384. 6145.]
[7027. 5397.]
[6822. 5506.]
[7211. 4531.]
[6837. 5437.]
[6822. 5506.]
[6369. 6214.]
[6837. 5437.]
[7027. 5397.]
[6822. 5506.]
[5810. 6718.]
[5864. 6667.]
[6384. 6145.]
[6369. 6214.]
[6837. 5437.]
[7027. 5397.]
[7211. 4531.]
[6837. 5437.]
[6822. 5506.]
[7027. 5397.]
[7542. 4464.]
[6837. 5437.]
[6822. 5506.]
[5810. 6718.]
[5864. 6667.]
[6384. 6145.]
[6369. 6214.]
[6837. 5437.]
[7027. 5397.]
[5864. 6667.]
[6369. 6214.]
[5263. 6912.]
[5116. 7071.]
[6015. 6609.]
[5810. 6718.]
[5263. 6912.]
[6837. 5437.]
[7027. 5397.]
[6822. 5506.]
[7542. 4464.]
[7211. 4531.]
[7058. 5287.]
[6384. 6145.]
[7027. 5397.]
[6822. 5506.]
[7211. 4531.]
[6837. 5437.]
[6822. 5506.]
[6369. 6214.]
[6837. 5437.]
[7027. 5397.]
[6369. 6214.]
[5263. 6912.]
[5116. 7071.]
[5810. 6718.]
[5278. 6843.]
[5810. 6718.]
[5263. 6912.]
[6369. 6214.]
[6384. 6145.]
[7081. 5021.]
[6069. 6233.]
[6628. 5729.]
[6069. 6233.]
[5355. 6838.]
[6068. 6358.]
[6593. 5993.]
[6628. 5729.]
[5355. 6838.]
[7211. 4531.]
[6837. 5437.]
[6822. 5506.]
[6837. 5437.]
[7211. 4531.]
[7058. 5287.]
[7196. 4760.]
[7227. 4490.]
[6384. 6145.]
[6837. 5437.]
[7196. 4760.]
[7542. 4464.]
[7227. 4490.]
[6593. 5993.]
[6700. 5581.]
[7081. 5021.]
[6069. 6233.]
[6628. 5729.]
[6069. 6233.]
[5355. 6838.]
[6068. 6358.]
[7081. 5021.]
[7058. 5287.]
[6069. 6233.]
[6593. 5993.]
[6369. 6214.]
[6628. 5729.]
[6384. 6145.]
[6069. 6233.]
[5355. 6838.]
[6068. 6358.]
[6628. 5729.]
[5355. 6838.]
[6837. 5437.]
[7027. 5397.]
[6822. 5506.]
[7211. 4531.]
[6837. 5437.]
[6822. 5506.]
[7542. 4464.]
[7211. 4531.]
[7058. 5287.]
[6384. 6145.]
[7027. 5397.]
[6822. 5506.]
[6369. 6214.]
[6837. 5437.]
[7027. 5397.]
[6837. 5437.]
[7211. 4531.]
[7058. 5287.]
[7196. 4760.]
[7227. 4490.]
[6384. 6145.]
[6837. 5437.]
[7196. 4760.]
[7542. 4464.]
[7227. 4490.]
[6593. 5993.]
[6700. 5581.]
[6369. 6214.]
[7081. 5021.]
[6069. 6233.]
[6369. 6214.]
[5263. 6912.]
[6822. 5506.]
[5810. 6718.]
[5864. 6667.]
[6384. 6145.]
[5116. 7071.]
[5810. 6718.]
[5278. 6843.]
[5864. 6667.]
[5263. 6912.]
[5810. 6718.]
[5131. 7002.]
[5864. 6667.]
[6369. 6214.]
[5263. 6912.]
[5116. 7071.]
[6015. 6609.]
[6369. 6214.]
[5263. 6912.]
[6822. 5506.]
[5810. 6718.]
[5864. 6667.]
[6384. 6145.]
[5116. 7071.]
[5810. 6718.]
[5278. 6843.]
[5864. 6667.]
[5263. 6912.]
[5810. 6718.]
[5131. 7002.]
[5864. 6667.]
[6369. 6214.]
[5263. 6912.]
[5116. 7071.]
[6015. 6609.]
[6384. 6145.]
[7081. 5021.]
[7058. 5287.]
[6069. 6233.]
[6593. 5993.]
[6384. 6145.]
[6628. 5729.]
[6069. 6233.]
[5355. 6838.]
[6068. 6358.]
[6628. 5729.]
[6015. 6609.]
[5355. 6838.]
[5810. 6718.]
