NEW ITER
[8068. 6098.]
[8068. 6098.]
[8068. 6098.]
[8068. 6098.]
[7935. 6234.]
[7935. 6234.]
[7935. 6234.]
[7935. 6234.]
[7798. 6804.]
[7798. 6804.]
[7798. 6804.]
[7798. 6804.]
[7767. 6919.]
[7767. 6919.]
[7767. 6919.]
[7767. 6919.]
[7268. 6950.]
[7268. 6950.]
NEW ITER
[8448. 6977.]
[8448. 6977.]
[8448. 6977.]
[8448. 6977.]
[8448. 6977.]
[8448. 6977.]
[8448. 6977.]
[8448. 6977.]
[7487. 7115.]
[7487. 7115.]
[7487. 7115.]
[7487. 7115.]
[7487. 7115.]
[7487. 7115.]
[7487. 7115.]
[7487. 7115.]
[7433. 7166.]
[7433. 7166.]
[7433. 7166.]
[7433. 7166.]
[7403. 7324.]
[7403. 7324.]
[7403. 7324.]
[7403. 7324.]
[7403. 7324.]
[7403. 7324.]
[7403. 7324.]
[7403. 7324.]
[6940. 7621.]
[6940. 7621.]
[6940. 7621.]
[6940. 7621.]
