NEW ITER
[43766. 33667.]
[41259. 38662.]
[43761. 34576.]
[43513. 34981.]
[43495. 35435.]
[41770. 37890.]
[41735. 37907.]
[41726. 38009.]
[41653. 38073.]
[41618. 38090.]
[41561. 38194.]
[41441. 38264.]
[41415. 38322.]
[41292. 38634.]
[41058. 38686.]
[40980. 38981.]
[40670. 39006.]
[40550. 39099.]
[40521. 39163.]
NEW ITER
[43766. 33667.]
[43761. 34576.]
[43761. 34576.]
[43761. 34576.]
[41259. 38662.]
[43761. 34576.]
[43513. 34981.]
[43513. 34981.]
[43495. 35435.]
[43495. 35435.]
[43316. 35499.]
[43247. 35520.]
[43220. 35617.]
[43220. 35617.]
[43206. 35698.]
[43162. 35713.]
[43108. 35896.]
[43073. 35913.]
[42998. 36095.]
[42963. 36112.]
[42854. 36156.]
[42237. 37237.]
[42237. 37237.]
[42202. 37254.]
[42202. 37254.]
[42141. 37278.]
[42129. 37318.]
[42129. 37318.]
[42129. 37318.]
[42129. 37318.]
[42120. 37420.]
[42120. 37420.]
[42093. 37517.]
[42058. 37534.]
[41983. 37716.]
[41983. 37716.]
[41948. 37733.]
[41948. 37733.]
[41923. 37792.]
[41806. 37975.]
[41726. 38009.]
[41726. 38009.]
[41686. 38045.]
[41686. 38045.]
[41686. 38045.]
[41660. 38103.]
[41594. 38166.]
[41594. 38166.]
[41561. 38194.]
[41561. 38194.]
[41561. 38194.]
[41561. 38194.]
[41554. 38208.]
[41491. 38209.]
[41491. 38209.]
[41456. 38226.]
[41456. 38226.]
[41448. 38294.]
[41448. 38294.]
[41448. 38370.]
[41437. 38391.]
[41374. 38392.]
[41374. 38392.]
[41357. 38394.]
[41339. 38409.]
[41339. 38409.]
[41328. 38440.]
[41302. 38498.]
[41292. 38634.]
[41292. 38634.]
[41292. 38634.]
[41259. 38662.]
[41259. 38662.]
[41259. 38662.]
[41259. 38662.]
[41259. 38662.]
[41259. 38662.]
[41259. 38662.]
[41259. 38662.]
[41259. 38662.]
[41259. 38662.]
[41259. 38662.]
[41259. 38662.]
[41259. 38662.]
[41259. 38662.]
[41079. 38710.]
[40980. 38981.]
[40980. 38981.]
[40779. 39005.]
[40779. 39005.]
[40767. 39057.]
[40554. 39135.]
[40554. 39135.]
[40521. 39163.]
[40521. 39163.]
[40521. 39163.]
[40401. 39206.]
[40317. 39363.]
[40242. 39482.]
[40242. 39482.]
[40089. 39553.]
NEW ITER
[43766. 33667.]
[43766. 33667.]
[43766. 33667.]
[43766. 33667.]
[43761. 34576.]
[43761. 34576.]
[43761. 34576.]
[43761. 34576.]
[43761. 34576.]
[43513. 34981.]
[43513. 34981.]
[43513. 34981.]
[43513. 34981.]
[43513. 34981.]
[43513. 34981.]
[43513. 34981.]
[43495. 35435.]
[43495. 35435.]
[43495. 35435.]
[43495. 35435.]
[43495. 35435.]
[43495. 35435.]
[43495. 35435.]
[43495. 35435.]
[41259. 38662.]
[43761. 34576.]
[43513. 34981.]
[43513. 34981.]
[43513. 34981.]
[43513. 34981.]
[43495. 35435.]
[43495. 35435.]
[43495. 35435.]
[43495. 35435.]
[43495. 35435.]
[43316. 35499.]
[43316. 35499.]
[43316. 35499.]
[43247. 35520.]
[43247. 35520.]
[43247. 35520.]
[43220. 35617.]
[43220. 35617.]
[43220. 35617.]
[43220. 35617.]
[43216. 35653.]
[43206. 35698.]
[43206. 35698.]
[43206. 35698.]
[43206. 35698.]
[43163. 35910.]
[43163. 35910.]
[43128. 35927.]
[43128. 35927.]
[43122. 36088.]
[43122. 36088.]
[43087. 36105.]
[43087. 36105.]
[42963. 36112.]
[42963. 36112.]
[42963. 36112.]
[42963. 36112.]
[42959. 36266.]
[42959. 36266.]
[42926. 36294.]
[42926. 36294.]
[42913. 36334.]
[42913. 36334.]
[42913. 36334.]
[42849. 36465.]
[42849. 36465.]
[42816. 36493.]
[42816. 36493.]
[42801. 36613.]
[42801. 36613.]
[42766. 36630.]
[42766. 36630.]
[42655. 36741.]
[42620. 36758.]
[42569. 36762.]
[42569. 36762.]
[42528. 36817.]
[42487. 36867.]
[42487. 36867.]
[42466. 36972.]
[42386. 37059.]
[42354. 37068.]
[42342. 37144.]
[42342. 37144.]
[42342. 37144.]
[42342. 37144.]
[42317. 37203.]
[42317. 37203.]
[42282. 37220.]
[42282. 37220.]
[42244. 37267.]
[42171. 37331.]
[42162. 37373.]
[42162. 37373.]
[42153. 37392.]
[42153. 37392.]
[42153. 37392.]
[42153. 37392.]
[42153. 37392.]
[42127. 37450.]
[42127. 37450.]
[42093. 37517.]
[42093. 37517.]
[42093. 37517.]
[42093. 37517.]
[42093. 37517.]
[42093. 37517.]
[42093. 37517.]
[42058. 37534.]
[42058. 37534.]
[42058. 37534.]
[42058. 37534.]
[42058. 37534.]
[42058. 37534.]
[42058. 37534.]
[42052. 37572.]
[42052. 37572.]
[42052. 37572.]
[42017. 37589.]
[42017. 37589.]
[42016. 37688.]
[42016. 37688.]
[42016. 37688.]
[42016. 37688.]
[42016. 37688.]
[42016. 37688.]
[41983. 37716.]
[41983. 37716.]
[41983. 37716.]
[41983. 37716.]
[41983. 37716.]
[41983. 37716.]
[41983. 37716.]
[41983. 37716.]
[41948. 37733.]
[41948. 37733.]
[41948. 37733.]
[41948. 37733.]
[41948. 37733.]
[41948. 37733.]
[41948. 37733.]
[41948. 37733.]
[41923. 37792.]
[41923. 37792.]
[41923. 37792.]
[41923. 37792.]
[41923. 37792.]
[41923. 37792.]
[41923. 37792.]
[41923. 37792.]
[41923. 37792.]
[41875. 37831.]
[41810. 37968.]
[41810. 37968.]
[41806. 37975.]
[41806. 37975.]
[41806. 37975.]
[41806. 37975.]
[41806. 37975.]
[41806. 37975.]
[41806. 37975.]
[41806. 37975.]
[41806. 37975.]
[41806. 37975.]
[41726. 38009.]
[41726. 38009.]
[41726. 38009.]
[41726. 38009.]
[41726. 38009.]
[41726. 38009.]
[41726. 38009.]
[41726. 38009.]
[41726. 38009.]
[41726. 38009.]
[41726. 38009.]
[41726. 38009.]
[41726. 38009.]
[41726. 38009.]
[41726. 38009.]
[41726. 38009.]
[41726. 38009.]
[41726. 38009.]
[41726. 38009.]
[41726. 38009.]
[41726. 38009.]
[41726. 38009.]
[41726. 38009.]
[41726. 38009.]
[41726. 38009.]
[41704. 38035.]
[41704. 38035.]
[41693. 38151.]
[41693. 38151.]
[41594. 38166.]
[41594. 38166.]
[41594. 38166.]
[41594. 38166.]
[41594. 38166.]
[41594. 38166.]
[41594. 38166.]
[41594. 38166.]
[41594. 38166.]
[41594. 38166.]
[41594. 38166.]
[41594. 38166.]
[41561. 38194.]
[41561. 38194.]
[41561. 38194.]
[41561. 38194.]
[41561. 38194.]
[41561. 38194.]
[41561. 38194.]
[41561. 38194.]
[41561. 38194.]
[41561. 38194.]
[41561. 38194.]
[41561. 38194.]
[41561. 38194.]
[41561. 38194.]
[41561. 38194.]
[41561. 38194.]
[41561. 38194.]
[41561. 38194.]
[41561. 38194.]
[41561. 38194.]
[41561. 38194.]
[41561. 38194.]
[41561. 38194.]
[41561. 38194.]
[41561. 38194.]
[41561. 38194.]
[41561. 38194.]
[41561. 38194.]
[41561. 38194.]
[41561. 38194.]
[41561. 38194.]
[41561. 38194.]
[41561. 38194.]
[41554. 38208.]
[41554. 38208.]
[41554. 38208.]
[41554. 38208.]
[41554. 38208.]
[41554. 38208.]
[41517. 38226.]
[41506. 38247.]
[41481. 38342.]
[41481. 38342.]
[41481. 38342.]
[41448. 38370.]
[41448. 38370.]
[41448. 38370.]
[41448. 38370.]
[41448. 38370.]
[41437. 38391.]
[41437. 38391.]
[41437. 38391.]
[41437. 38391.]
[41437. 38391.]
[41437. 38391.]
[41374. 38392.]
[41374. 38392.]
[41374. 38392.]
[41374. 38392.]
[41374. 38392.]
[41374. 38392.]
[41374. 38392.]
[41374. 38392.]
[41374. 38392.]
[41374. 38392.]
[41357. 38394.]
[41357. 38394.]
[41357. 38394.]
[41357. 38394.]
[41357. 38394.]
[41357. 38394.]
[41357. 38394.]
[41357. 38394.]
[41339. 38409.]
[41339. 38409.]
[41339. 38409.]
[41339. 38409.]
[41339. 38409.]
[41339. 38409.]
[41339. 38409.]
[41335. 38470.]
[41335. 38470.]
[41335. 38470.]
[41302. 38498.]
[41302. 38498.]
[41292. 38634.]
[41292. 38634.]
[41292. 38634.]
[41292. 38634.]
[41292. 38634.]
[41292. 38634.]
[41292. 38634.]
[41292. 38634.]
[41292. 38634.]
[41292. 38634.]
[41292. 38634.]
[41292. 38634.]
[41292. 38634.]
[41292. 38634.]
[41292. 38634.]
[41292. 38634.]
[41292. 38634.]
[41292. 38634.]
[41292. 38634.]
[41292. 38634.]
[41292. 38634.]
[41292. 38634.]
[41292. 38634.]
[41292. 38634.]
[41292. 38634.]
[41292. 38634.]
[41292. 38634.]
[41259. 38662.]
[41259. 38662.]
[41259. 38662.]
[41259. 38662.]
[41259. 38662.]
[41259. 38662.]
[41259. 38662.]
[41259. 38662.]
[41259. 38662.]
[41259. 38662.]
[41259. 38662.]
[41259. 38662.]
[41259. 38662.]
[41259. 38662.]
[41259. 38662.]
[41259. 38662.]
[41259. 38662.]
[41259. 38662.]
[41259. 38662.]
[41259. 38662.]
[41259. 38662.]
[41259. 38662.]
[41259. 38662.]
[41169. 38689.]
[41079. 38710.]
[41079. 38710.]
[41079. 38710.]
[41079. 38710.]
[41023. 38817.]
[40980. 38981.]
[40980. 38981.]
[40980. 38981.]
[40980. 38981.]
[40980. 38981.]
[40980. 38981.]
[40980. 38981.]
[40980. 38981.]
[40980. 38981.]
[40980. 38981.]
[40980. 38981.]
[40980. 38981.]
[40980. 38981.]
[40980. 38981.]
[40980. 38981.]
[40980. 38981.]
[40980. 38981.]
[40980. 38981.]
[40980. 38981.]
[40980. 38981.]
[40980. 38981.]
[40980. 38981.]
[40980. 38981.]
[40980. 38981.]
[40980. 38981.]
[40980. 38981.]
[40980. 38981.]
[40980. 38981.]
[40980. 38981.]
[40980. 38981.]
[40779. 39005.]
[40779. 39005.]
[40779. 39005.]
[40767. 39057.]
[40767. 39057.]
[40623. 39059.]
[40554. 39135.]
[40554. 39135.]
[40554. 39135.]
[40554. 39135.]
[40554. 39135.]
[40554. 39135.]
[40554. 39135.]
[40554. 39135.]
[40554. 39135.]
[40554. 39135.]
[40527. 39137.]
[40527. 39137.]
[40521. 39163.]
[40521. 39163.]
[40521. 39163.]
[40521. 39163.]
[40521. 39163.]
[40521. 39163.]
[40521. 39163.]
[40521. 39163.]
[40521. 39163.]
[40521. 39163.]
[40521. 39163.]
[40521. 39163.]
[40521. 39163.]
[40521. 39163.]
[40521. 39163.]
[40521. 39163.]
[40521. 39163.]
[40521. 39163.]
[40521. 39163.]
[40521. 39163.]
[40521. 39163.]
[40521. 39163.]
[40521. 39163.]
[40521. 39163.]
[40401. 39206.]
[40401. 39206.]
[40401. 39206.]
[40401. 39206.]
[40401. 39206.]
[40401. 39206.]
[40317. 39363.]
[40317. 39363.]
[40317. 39363.]
[40317. 39363.]
[40317. 39363.]
[40317. 39363.]
[40317. 39363.]
[40311. 39406.]
[40242. 39482.]
[40242. 39482.]
[40242. 39482.]
[40242. 39482.]
[40242. 39482.]
[40242. 39482.]
[40242. 39482.]
[40242. 39482.]
[40242. 39482.]
[40089. 39553.]
[40089. 39553.]
[40089. 39553.]
[40089. 39553.]
[40089. 39553.]
[40089. 39553.]
[39888. 39577.]
[39723. 39596.]
[39599. 39623.]
NEW ITER
[43766. 33667.]
[43766. 33667.]
[43766. 33667.]
[43766. 33667.]
[43766. 33667.]
[43766. 33667.]
[43761. 34576.]
[43761. 34576.]
[43761. 34576.]
[43761. 34576.]
[43761. 34576.]
[43761. 34576.]
[43761. 34576.]
[43761. 34576.]
[43761. 34576.]
[43761. 34576.]
[43761. 34576.]
[43761. 34576.]
[43761. 34576.]
[43761. 34576.]
[43761. 34576.]
[43761. 34576.]
[43761. 34576.]
[43761. 34576.]
[43761. 34576.]
[43761. 34576.]
[43761. 34576.]
[43761. 34576.]
[43761. 34576.]
[43761. 34576.]
[43761. 34576.]
[43761. 34576.]
[43761. 34576.]
[43761. 34576.]
[43513. 34981.]
[43513. 34981.]
[43513. 34981.]
[43513. 34981.]
[43513. 34981.]
[43513. 34981.]
[43513. 34981.]
[43513. 34981.]
[43513. 34981.]
[43513. 34981.]
[43513. 34981.]
[43513. 34981.]
[43513. 34981.]
[43513. 34981.]
[43513. 34981.]
[43513. 34981.]
[43513. 34981.]
[43513. 34981.]
[43513. 34981.]
[43513. 34981.]
[43513. 34981.]
[43513. 34981.]
[43513. 34981.]
[43513. 34981.]
[43513. 34981.]
[43513. 34981.]
[43495. 35435.]
[43495. 35435.]
[43495. 35435.]
[43495. 35435.]
[43495. 35435.]
[43495. 35435.]
[43495. 35435.]
[43495. 35435.]
[43495. 35435.]
[43495. 35435.]
[43495. 35435.]
[43495. 35435.]
[43495. 35435.]
[43495. 35435.]
[43495. 35435.]
[43495. 35435.]
[43495. 35435.]
[43495. 35435.]
[43495. 35435.]
[43495. 35435.]
[43495. 35435.]
[43495. 35435.]
[43495. 35435.]
[43316. 35499.]
[43220. 35617.]
[41259. 38662.]
[43761. 34576.]
[43513. 34981.]
[43513. 34981.]
[43513. 34981.]
[43513. 34981.]
[43513. 34981.]
[43513. 34981.]
[43513. 34981.]
[43495. 35435.]
[43495. 35435.]
[43495. 35435.]
[43495. 35435.]
[43495. 35435.]
[43495. 35435.]
[43316. 35499.]
[43316. 35499.]
[43316. 35499.]
[43316. 35499.]
[43316. 35499.]
[43316. 35499.]
[43316. 35499.]
[43316. 35499.]
[43316. 35499.]
[43316. 35499.]
[43316. 35499.]
[43316. 35499.]
[43316. 35499.]
[43316. 35499.]
[43247. 35769.]
[43247. 35769.]
[43247. 35769.]
[43247. 35769.]
[43163. 35910.]
[43163. 35910.]
[43163. 35910.]
[43163. 35910.]
[43163. 35910.]
[43163. 35910.]
[43163. 35910.]
[43163. 35910.]
[43128. 35927.]
[43128. 35927.]
[43128. 35927.]
[43128. 35927.]
[43128. 35927.]
[43128. 35927.]
[43128. 35927.]
[43128. 35927.]
[43128. 35927.]
[43128. 35927.]
[43128. 35927.]
[43122. 36088.]
[43122. 36088.]
[43122. 36088.]
[43122. 36088.]
[43122. 36088.]
[43122. 36088.]
[43122. 36088.]
[43122. 36088.]
[43122. 36088.]
[43122. 36088.]
[43122. 36088.]
[43122. 36088.]
[43087. 36105.]
[43087. 36105.]
[43087. 36105.]
[43087. 36105.]
[43087. 36105.]
[43087. 36105.]
[43087. 36105.]
[43087. 36105.]
[43087. 36105.]
[43087. 36105.]
[43087. 36105.]
[43087. 36105.]
[43087. 36105.]
[43087. 36105.]
[43087. 36105.]
[42963. 36112.]
[42963. 36112.]
[42963. 36112.]
[42963. 36112.]
[42963. 36112.]
[42963. 36112.]
[42963. 36112.]
[42963. 36112.]
[42963. 36112.]
[42963. 36112.]
[42963. 36112.]
[42963. 36112.]
[42963. 36112.]
[42963. 36112.]
[42963. 36112.]
[42963. 36112.]
[42963. 36112.]
[42963. 36112.]
[42963. 36112.]
[42963. 36112.]
[42963. 36112.]
[42963. 36112.]
[42963. 36112.]
[42963. 36112.]
[42963. 36112.]
[42963. 36112.]
[42963. 36112.]
[42963. 36112.]
[42959. 36266.]
[42959. 36266.]
[42959. 36266.]
[42959. 36266.]
[42959. 36266.]
[42959. 36266.]
[42933. 36319.]
[42933. 36319.]
[42933. 36319.]
[42933. 36319.]
[42913. 36334.]
[42913. 36334.]
[42913. 36334.]
[42913. 36334.]
[42913. 36334.]
[42913. 36334.]
[42913. 36334.]
[42913. 36334.]
[42849. 36465.]
[42849. 36465.]
[42849. 36465.]
[42849. 36465.]
[42849. 36465.]
[42849. 36465.]
[42849. 36465.]
[42849. 36465.]
[42849. 36465.]
[42849. 36465.]
[42849. 36465.]
[42849. 36465.]
[42816. 36493.]
[42816. 36493.]
[42816. 36493.]
[42816. 36493.]
[42816. 36493.]
[42816. 36493.]
[42816. 36493.]
[42816. 36493.]
[42816. 36493.]
[42816. 36493.]
[42816. 36493.]
[42801. 36613.]
[42801. 36613.]
[42801. 36613.]
[42801. 36613.]
[42801. 36613.]
[42801. 36613.]
[42801. 36613.]
[42766. 36630.]
[42766. 36630.]
[42766. 36630.]
[42766. 36630.]
[42766. 36630.]
[42766. 36630.]
[42766. 36630.]
[42766. 36630.]
[42766. 36630.]
[42766. 36630.]
[42728. 36677.]
[42728. 36677.]
[42728. 36677.]
[42728. 36677.]
[42688. 36789.]
[42688. 36789.]
[42660. 36833.]
[42660. 36833.]
[42660. 36833.]
[42660. 36833.]
[42652. 36983.]
[42652. 36983.]
[42652. 36983.]
[42652. 36983.]
[42652. 36983.]
[42652. 36983.]
[42652. 36983.]
[42652. 36983.]
[42619. 37011.]
[42619. 37011.]
[42619. 37011.]
[42619. 37011.]
[42619. 37011.]
[42619. 37011.]
[42619. 37011.]
[42619. 37011.]
[42407. 37202.]
[42407. 37202.]
[42407. 37202.]
[42407. 37202.]
[42331. 37207.]
[42331. 37207.]
[42290. 37385.]
[42290. 37385.]
[42290. 37385.]
[42290. 37385.]
[42290. 37385.]
[42290. 37385.]
[42169. 37396.]
[42169. 37396.]
[42169. 37396.]
[42169. 37396.]
[42169. 37396.]
[42169. 37396.]
[42144. 37513.]
[42144. 37513.]
[42144. 37513.]
[42144. 37513.]
[42093. 37517.]
[42093. 37517.]
[42093. 37517.]
[42093. 37517.]
[42093. 37517.]
[42093. 37517.]
[42093. 37517.]
[42093. 37517.]
[42093. 37517.]
[42093. 37517.]
[42093. 37517.]
[42093. 37517.]
[42093. 37517.]
[42093. 37517.]
[42093. 37517.]
[42093. 37517.]
[42093. 37517.]
[42093. 37517.]
[42093. 37517.]
[42093. 37517.]
[42093. 37517.]
[42093. 37517.]
[42093. 37517.]
[42093. 37517.]
[42093. 37517.]
[42093. 37517.]
[42093. 37517.]
[42093. 37517.]
[42093. 37517.]
[42093. 37517.]
[42093. 37517.]
[42093. 37517.]
[42093. 37517.]
[42093. 37517.]
[42093. 37517.]
[42093. 37517.]
[42093. 37517.]
[42093. 37517.]
[42093. 37517.]
[42093. 37517.]
[42093. 37517.]
[42093. 37517.]
[42093. 37517.]
[42093. 37517.]
[42093. 37517.]
[42093. 37517.]
[42093. 37517.]
[42093. 37517.]
[42093. 37517.]
[42093. 37517.]
[42093. 37517.]
[42093. 37517.]
[42085. 37544.]
[42085. 37544.]
[42085. 37544.]
[42085. 37544.]
[42085. 37544.]
[42085. 37544.]
[42085. 37544.]
[42085. 37544.]
[42085. 37544.]
[42052. 37572.]
[42052. 37572.]
[42052. 37572.]
[42052. 37572.]
[42052. 37572.]
[42052. 37572.]
[42052. 37572.]
[42052. 37572.]
[42052. 37572.]
[42052. 37572.]
[42052. 37572.]
[42052. 37572.]
[42052. 37572.]
[42052. 37572.]
[42017. 37589.]
[42017. 37589.]
[42017. 37589.]
[42017. 37589.]
[42017. 37589.]
[42017. 37589.]
[42017. 37589.]
[42017. 37589.]
[42017. 37589.]
[42017. 37589.]
[42017. 37589.]
[42017. 37589.]
[42016. 37688.]
[42016. 37688.]
[42016. 37688.]
[42016. 37688.]
[42016. 37688.]
[42016. 37688.]
[42016. 37688.]
[42016. 37688.]
[42016. 37688.]
[42016. 37688.]
[42016. 37688.]
[42016. 37688.]
[42016. 37688.]
[42016. 37688.]
[42016. 37688.]
[42016. 37688.]
[42016. 37688.]
[42016. 37688.]
[42016. 37688.]
[42016. 37688.]
[42016. 37688.]
[42016. 37688.]
[42016. 37688.]
[42016. 37688.]
[41983. 37716.]
[41983. 37716.]
[41983. 37716.]
[41983. 37716.]
[41983. 37716.]
[41983. 37716.]
[41983. 37716.]
[41983. 37716.]
[41983. 37716.]
[41983. 37716.]
[41983. 37716.]
[41983. 37716.]
[41983. 37716.]
[41983. 37716.]
[41983. 37716.]
[41983. 37716.]
[41983. 37716.]
[41983. 37716.]
[41983. 37716.]
[41983. 37716.]
[41983. 37716.]
[41983. 37716.]
[41983. 37716.]
[41983. 37716.]
[41983. 37716.]
[41983. 37716.]
[41983. 37716.]
[41983. 37716.]
[41983. 37716.]
[41983. 37716.]
[41983. 37716.]
[41983. 37716.]
[41983. 37716.]
[41983. 37716.]
[41983. 37716.]
[41983. 37716.]
[41983. 37716.]
[41983. 37716.]
[41983. 37716.]
[41983. 37716.]
[41983. 37716.]
[41983. 37716.]
[41983. 37716.]
[41983. 37716.]
[41983. 37716.]
[41983. 37716.]
[41983. 37716.]
[41983. 37716.]
[41983. 37716.]
[41983. 37716.]
[41983. 37716.]
[41983. 37716.]
[41983. 37716.]
[41983. 37716.]
[41983. 37716.]
[41983. 37716.]
[41983. 37716.]
[41983. 37716.]
[41983. 37716.]
[41983. 37716.]
[41983. 37716.]
[41983. 37716.]
[41983. 37716.]
[41983. 37716.]
[41948. 37733.]
[41948. 37733.]
[41948. 37733.]
[41948. 37733.]
[41948. 37733.]
[41948. 37733.]
[41948. 37733.]
[41948. 37733.]
[41948. 37733.]
[41948. 37733.]
[41948. 37733.]
[41948. 37733.]
[41948. 37733.]
[41948. 37733.]
[41948. 37733.]
[41948. 37733.]
[41948. 37733.]
[41948. 37733.]
[41948. 37733.]
[41948. 37733.]
[41948. 37733.]
[41948. 37733.]
[41948. 37733.]
[41948. 37733.]
[41948. 37733.]
[41948. 37733.]
[41948. 37733.]
[41948. 37733.]
[41948. 37733.]
[41948. 37733.]
[41948. 37733.]
[41948. 37733.]
[41948. 37733.]
[41948. 37733.]
[41948. 37733.]
[41948. 37733.]
[41948. 37733.]
[41948. 37733.]
[41948. 37733.]
[41948. 37733.]
[41948. 37733.]
[41948. 37733.]
[41948. 37733.]
[41948. 37733.]
[41948. 37733.]
[41948. 37733.]
[41948. 37733.]
[41948. 37733.]
[41948. 37733.]
[41948. 37733.]
[41948. 37733.]
[41948. 37733.]
[41948. 37733.]
[41948. 37733.]
[41948. 37733.]
[41923. 37792.]
[41923. 37792.]
[41923. 37792.]
[41923. 37792.]
[41923. 37792.]
[41923. 37792.]
[41923. 37792.]
[41923. 37792.]
[41923. 37792.]
[41923. 37792.]
[41923. 37792.]
[41923. 37792.]
[41923. 37792.]
[41923. 37792.]
[41923. 37792.]
[41923. 37792.]
[41923. 37792.]
[41923. 37792.]
[41923. 37792.]
[41923. 37792.]
[41923. 37792.]
[41923. 37792.]
[41923. 37792.]
[41923. 37792.]
[41923. 37792.]
[41923. 37792.]
[41923. 37792.]
[41923. 37792.]
[41923. 37792.]
[41923. 37792.]
[41923. 37792.]
[41923. 37792.]
[41923. 37792.]
[41923. 37792.]
[41923. 37792.]
[41923. 37792.]
[41923. 37792.]
[41923. 37792.]
[41923. 37792.]
[41923. 37792.]
[41923. 37792.]
[41923. 37792.]
[41923. 37792.]
[41923. 37792.]
[41923. 37792.]
[41923. 37792.]
[41923. 37792.]
[41923. 37792.]
[41923. 37792.]
[41923. 37792.]
[41923. 37792.]
[41923. 37792.]
[41923. 37792.]
[41923. 37792.]
[41923. 37792.]
[41923. 37792.]
[41923. 37792.]
[41923. 37792.]
[41923. 37792.]
[41923. 37792.]
[41923. 37792.]
[41923. 37792.]
[41923. 37792.]
[41923. 37792.]
[41923. 37792.]
[41923. 37792.]
[41923. 37792.]
[41923. 37792.]
[41923. 37792.]
[41923. 37792.]
[41923. 37792.]
[41923. 37792.]
[41923. 37792.]
[41923. 37792.]
[41923. 37792.]
[41923. 37792.]
[41923. 37792.]
[41879. 37824.]
[41879. 37824.]
[41879. 37824.]
[41875. 37831.]
[41875. 37831.]
[41875. 37831.]
[41875. 37831.]
[41875. 37831.]
[41875. 37831.]
[41875. 37831.]
[41875. 37831.]
[41875. 37831.]
[41875. 37831.]
[41875. 37831.]
[41875. 37831.]
[41810. 37968.]
[41810. 37968.]
[41810. 37968.]
[41810. 37968.]
[41810. 37968.]
[41810. 37968.]
[41810. 37968.]
[41810. 37968.]
[41810. 37968.]
[41810. 37968.]
[41810. 37968.]
[41810. 37968.]
[41810. 37968.]
[41810. 37968.]
[41810. 37968.]
[41810. 37968.]
[41810. 37968.]
[41810. 37968.]
[41810. 37968.]
[41810. 37968.]
[41806. 37975.]
[41806. 37975.]
[41806. 37975.]
[41806. 37975.]
[41806. 37975.]
[41806. 37975.]
[41806. 37975.]
[41806. 37975.]
[41806. 37975.]
[41806. 37975.]
[41806. 37975.]
[41806. 37975.]
[41806. 37975.]
[41806. 37975.]
[41806. 37975.]
[41806. 37975.]
[41806. 37975.]
[41806. 37975.]
[41806. 37975.]
[41806. 37975.]
[41806. 37975.]
[41806. 37975.]
[41806. 37975.]
[41806. 37975.]
[41806. 37975.]
[41806. 37975.]
[41806. 37975.]
[41806. 37975.]
[41806. 37975.]
[41806. 37975.]
[41806. 37975.]
[41806. 37975.]
[41806. 37975.]
[41806. 37975.]
[41806. 37975.]
[41806. 37975.]
[41806. 37975.]
[41806. 37975.]
[41806. 37975.]
[41806. 37975.]
[41806. 37975.]
[41806. 37975.]
[41806. 37975.]
[41806. 37975.]
[41806. 37975.]
[41806. 37975.]
[41806. 37975.]
[41806. 37975.]
[41806. 37975.]
[41806. 37975.]
[41806. 37975.]
[41806. 37975.]
[41806. 37975.]
[41806. 37975.]
[41806. 37975.]
[41806. 37975.]
[41806. 37975.]
[41806. 37975.]
[41806. 37975.]
[41806. 37975.]
[41806. 37975.]
[41806. 37975.]
[41806. 37975.]
[41806. 37975.]
[41806. 37975.]
[41806. 37975.]
[41806. 37975.]
[41806. 37975.]
[41806. 37975.]
[41806. 37975.]
[41806. 37975.]
[41806. 37975.]
[41806. 37975.]
[41806. 37975.]
[41806. 37975.]
[41806. 37975.]
[41806. 37975.]
[41806. 37975.]
[41762. 38007.]
[41762. 38007.]
[41762. 38007.]
[41762. 38007.]
[41726. 38009.]
[41726. 38009.]
[41726. 38009.]
[41726. 38009.]
[41726. 38009.]
[41726. 38009.]
[41726. 38009.]
[41726. 38009.]
[41726. 38009.]
[41726. 38009.]
[41726. 38009.]
[41726. 38009.]
[41726. 38009.]
[41726. 38009.]
[41726. 38009.]
[41726. 38009.]
[41726. 38009.]
[41726. 38009.]
[41726. 38009.]
[41726. 38009.]
[41726. 38009.]
[41726. 38009.]
[41726. 38009.]
[41726. 38009.]
[41726. 38009.]
[41726. 38009.]
[41726. 38009.]
[41726. 38009.]
[41726. 38009.]
[41726. 38009.]
[41726. 38009.]
[41726. 38009.]
[41726. 38009.]
[41726. 38009.]
[41726. 38009.]
[41726. 38009.]
[41726. 38009.]
[41726. 38009.]
[41726. 38009.]
[41726. 38009.]
[41726. 38009.]
[41726. 38009.]
[41726. 38009.]
[41726. 38009.]
[41726. 38009.]
[41726. 38009.]
[41726. 38009.]
[41726. 38009.]
[41726. 38009.]
[41726. 38009.]
[41726. 38009.]
[41726. 38009.]
[41726. 38009.]
[41726. 38009.]
[41726. 38009.]
[41726. 38009.]
[41726. 38009.]
[41726. 38009.]
[41726. 38009.]
[41726. 38009.]
[41726. 38009.]
[41726. 38009.]
[41726. 38009.]
[41704. 38035.]
[41704. 38035.]
[41704. 38035.]
[41704. 38035.]
[41704. 38035.]
[41704. 38035.]
[41704. 38035.]
[41704. 38035.]
[41704. 38035.]
[41704. 38035.]
[41704. 38035.]
[41704. 38035.]
[41704. 38035.]
[41704. 38035.]
[41693. 38151.]
[41693. 38151.]
[41693. 38151.]
[41693. 38151.]
[41693. 38151.]
[41693. 38151.]
[41693. 38151.]
[41693. 38151.]
[41693. 38151.]
[41693. 38151.]
[41693. 38151.]
[41693. 38151.]
[41693. 38151.]
[41693. 38151.]
[41693. 38151.]
[41693. 38151.]
[41693. 38151.]
[41693. 38151.]
[41693. 38151.]
[41693. 38151.]
[41693. 38151.]
[41594. 38166.]
[41594. 38166.]
[41594. 38166.]
[41594. 38166.]
[41594. 38166.]
[41594. 38166.]
[41594. 38166.]
[41594. 38166.]
[41594. 38166.]
[41594. 38166.]
[41594. 38166.]
[41594. 38166.]
[41594. 38166.]
[41594. 38166.]
[41594. 38166.]
[41594. 38166.]
[41594. 38166.]
[41594. 38166.]
[41594. 38166.]
[41594. 38166.]
[41594. 38166.]
[41594. 38166.]
[41594. 38166.]
[41594. 38166.]
[41594. 38166.]
[41594. 38166.]
[41594. 38166.]
[41594. 38166.]
[41594. 38166.]
[41594. 38166.]
[41594. 38166.]
[41594. 38166.]
[41594. 38166.]
[41594. 38166.]
[41594. 38166.]
[41594. 38166.]
[41594. 38166.]
[41594. 38166.]
[41594. 38166.]
[41594. 38166.]
[41594. 38166.]
[41594. 38166.]
[41594. 38166.]
[41594. 38166.]
[41594. 38166.]
[41594. 38166.]
[41594. 38166.]
[41594. 38166.]
[41594. 38166.]
[41594. 38166.]
[41594. 38166.]
[41594. 38166.]
[41594. 38166.]
[41594. 38166.]
[41594. 38166.]
[41594. 38166.]
[41594. 38166.]
[41594. 38166.]
[41594. 38166.]
[41594. 38166.]
[41594. 38166.]
[41594. 38166.]
[41594. 38166.]
[41594. 38166.]
[41594. 38166.]
[41594. 38166.]
[41594. 38166.]
[41594. 38166.]
[41594. 38166.]
[41594. 38166.]
[41594. 38166.]
[41594. 38166.]
[41594. 38166.]
[41594. 38166.]
[41594. 38166.]
[41594. 38166.]
[41594. 38166.]
[41594. 38166.]
[41594. 38166.]
[41594. 38166.]
[41594. 38166.]
[41594. 38166.]
[41594. 38166.]
[41594. 38166.]
[41594. 38166.]
[41594. 38166.]
[41594. 38166.]
[41594. 38166.]
[41594. 38166.]
[41594. 38166.]
[41594. 38166.]
[41594. 38166.]
[41594. 38166.]
[41594. 38166.]
[41594. 38166.]
[41594. 38166.]
[41594. 38166.]
[41594. 38166.]
[41561. 38194.]
[41561. 38194.]
[41561. 38194.]
[41561. 38194.]
[41561. 38194.]
[41561. 38194.]
[41561. 38194.]
[41561. 38194.]
[41561. 38194.]
[41561. 38194.]
[41561. 38194.]
[41561. 38194.]
[41561. 38194.]
[41561. 38194.]
[41561. 38194.]
[41561. 38194.]
[41561. 38194.]
[41561. 38194.]
[41561. 38194.]
[41561. 38194.]
[41561. 38194.]
[41561. 38194.]
[41561. 38194.]
[41561. 38194.]
[41561. 38194.]
[41561. 38194.]
[41561. 38194.]
[41561. 38194.]
[41561. 38194.]
[41561. 38194.]
[41561. 38194.]
[41561. 38194.]
[41561. 38194.]
[41561. 38194.]
[41561. 38194.]
[41561. 38194.]
[41561. 38194.]
[41561. 38194.]
[41561. 38194.]
[41561. 38194.]
[41561. 38194.]
[41561. 38194.]
[41561. 38194.]
[41561. 38194.]
[41561. 38194.]
[41561. 38194.]
[41561. 38194.]
[41561. 38194.]
[41561. 38194.]
[41561. 38194.]
[41561. 38194.]
[41561. 38194.]
[41561. 38194.]
[41561. 38194.]
[41561. 38194.]
[41561. 38194.]
[41561. 38194.]
[41561. 38194.]
[41561. 38194.]
[41561. 38194.]
[41561. 38194.]
[41561. 38194.]
[41561. 38194.]
[41561. 38194.]
[41561. 38194.]
[41561. 38194.]
[41561. 38194.]
[41561. 38194.]
[41561. 38194.]
[41561. 38194.]
[41561. 38194.]
[41561. 38194.]
[41561. 38194.]
[41561. 38194.]
[41561. 38194.]
[41561. 38194.]
[41561. 38194.]
[41561. 38194.]
[41561. 38194.]
[41561. 38194.]
[41561. 38194.]
[41561. 38194.]
[41561. 38194.]
[41561. 38194.]
[41561. 38194.]
[41561. 38194.]
[41561. 38194.]
[41561. 38194.]
[41561. 38194.]
[41561. 38194.]
[41561. 38194.]
[41561. 38194.]
[41561. 38194.]
[41561. 38194.]
[41561. 38194.]
[41561. 38194.]
[41561. 38194.]
[41561. 38194.]
[41561. 38194.]
[41561. 38194.]
[41561. 38194.]
[41561. 38194.]
[41561. 38194.]
[41561. 38194.]
[41561. 38194.]
[41561. 38194.]
[41561. 38194.]
[41561. 38194.]
[41561. 38194.]
[41561. 38194.]
[41561. 38194.]
[41561. 38194.]
[41561. 38194.]
[41561. 38194.]
[41561. 38194.]
[41561. 38194.]
[41561. 38194.]
[41561. 38194.]
[41561. 38194.]
[41561. 38194.]
[41561. 38194.]
[41561. 38194.]
[41561. 38194.]
[41561. 38194.]
[41561. 38194.]
[41561. 38194.]
[41561. 38194.]
[41561. 38194.]
[41561. 38194.]
[41561. 38194.]
[41561. 38194.]
[41561. 38194.]
[41561. 38194.]
[41561. 38194.]
[41561. 38194.]
[41561. 38194.]
[41561. 38194.]
[41554. 38208.]
[41554. 38208.]
[41554. 38208.]
[41554. 38208.]
[41554. 38208.]
[41554. 38208.]
[41554. 38208.]
[41554. 38208.]
[41554. 38208.]
[41554. 38208.]
[41554. 38208.]
[41554. 38208.]
[41554. 38208.]
[41554. 38208.]
[41554. 38208.]
[41554. 38208.]
[41554. 38208.]
[41554. 38208.]
[41554. 38208.]
[41554. 38208.]
[41554. 38208.]
[41554. 38208.]
[41554. 38208.]
[41554. 38208.]
[41554. 38208.]
[41554. 38208.]
[41554. 38208.]
[41554. 38208.]
[41554. 38208.]
[41554. 38208.]
[41554. 38208.]
[41554. 38208.]
[41554. 38208.]
[41554. 38208.]
[41554. 38208.]
[41554. 38208.]
[41554. 38208.]
[41554. 38208.]
[41554. 38208.]
[41554. 38208.]
[41554. 38208.]
[41554. 38208.]
[41554. 38208.]
[41554. 38208.]
[41554. 38208.]
[41554. 38208.]
[41554. 38208.]
[41554. 38208.]
[41517. 38226.]
[41517. 38226.]
[41517. 38226.]
[41517. 38226.]
[41517. 38226.]
[41506. 38247.]
[41506. 38247.]
[41506. 38247.]
[41506. 38247.]
[41506. 38247.]
[41506. 38247.]
[41506. 38247.]
[41481. 38342.]
[41481. 38342.]
[41481. 38342.]
[41481. 38342.]
[41481. 38342.]
[41481. 38342.]
[41481. 38342.]
[41481. 38342.]
[41481. 38342.]
[41481. 38342.]
[41481. 38342.]
[41481. 38342.]
[41481. 38342.]
[41481. 38342.]
[41481. 38342.]
[41481. 38342.]
[41481. 38342.]
[41481. 38342.]
[41481. 38342.]
[41481. 38342.]
[41481. 38342.]
[41481. 38342.]
[41481. 38342.]
[41481. 38342.]
[41481. 38342.]
[41448. 38370.]
[41448. 38370.]
[41448. 38370.]
[41448. 38370.]
[41448. 38370.]
[41448. 38370.]
[41448. 38370.]
[41448. 38370.]
[41448. 38370.]
[41448. 38370.]
[41448. 38370.]
[41448. 38370.]
[41448. 38370.]
[41448. 38370.]
[41448. 38370.]
[41448. 38370.]
[41448. 38370.]
[41448. 38370.]
[41448. 38370.]
[41448. 38370.]
[41448. 38370.]
[41448. 38370.]
[41448. 38370.]
[41448. 38370.]
[41448. 38370.]
[41448. 38370.]
[41448. 38370.]
[41448. 38370.]
[41448. 38370.]
[41448. 38370.]
[41448. 38370.]
[41448. 38370.]
[41448. 38370.]
[41448. 38370.]
[41448. 38370.]
[41448. 38370.]
[41448. 38370.]
[41448. 38370.]
[41448. 38370.]
[41448. 38370.]
[41448. 38370.]
[41448. 38370.]
[41448. 38370.]
[41448. 38370.]
[41437. 38391.]
[41437. 38391.]
[41437. 38391.]
[41437. 38391.]
[41437. 38391.]
[41437. 38391.]
[41437. 38391.]
[41437. 38391.]
[41437. 38391.]
[41437. 38391.]
[41437. 38391.]
[41437. 38391.]
[41437. 38391.]
[41437. 38391.]
[41437. 38391.]
[41437. 38391.]
[41437. 38391.]
[41437. 38391.]
[41437. 38391.]
[41437. 38391.]
[41437. 38391.]
[41437. 38391.]
[41437. 38391.]
[41437. 38391.]
[41437. 38391.]
[41437. 38391.]
[41437. 38391.]
[41437. 38391.]
[41437. 38391.]
[41437. 38391.]
[41437. 38391.]
[41437. 38391.]
[41437. 38391.]
[41437. 38391.]
[41437. 38391.]
[41437. 38391.]
[41437. 38391.]
[41437. 38391.]
[41437. 38391.]
[41437. 38391.]
[41437. 38391.]
[41437. 38391.]
[41437. 38391.]
[41437. 38391.]
[41437. 38391.]
[41437. 38391.]
[41437. 38391.]
[41437. 38391.]
[41437. 38391.]
[41437. 38391.]
[41374. 38392.]
[41374. 38392.]
[41374. 38392.]
[41374. 38392.]
[41374. 38392.]
[41374. 38392.]
[41374. 38392.]
[41374. 38392.]
[41374. 38392.]
[41374. 38392.]
[41374. 38392.]
[41374. 38392.]
[41374. 38392.]
[41374. 38392.]
[41374. 38392.]
[41374. 38392.]
[41374. 38392.]
[41374. 38392.]
[41374. 38392.]
[41374. 38392.]
[41374. 38392.]
[41374. 38392.]
[41374. 38392.]
[41374. 38392.]
[41374. 38392.]
[41374. 38392.]
[41374. 38392.]
[41374. 38392.]
[41374. 38392.]
[41374. 38392.]
[41374. 38392.]
[41374. 38392.]
[41374. 38392.]
[41374. 38392.]
[41374. 38392.]
[41374. 38392.]
[41374. 38392.]
[41374. 38392.]
[41374. 38392.]
[41374. 38392.]
[41374. 38392.]
[41374. 38392.]
[41374. 38392.]
[41357. 38394.]
[41357. 38394.]
[41357. 38394.]
[41357. 38394.]
[41357. 38394.]
[41357. 38394.]
[41357. 38394.]
[41357. 38394.]
[41357. 38394.]
[41357. 38394.]
[41357. 38394.]
[41357. 38394.]
[41357. 38394.]
[41357. 38394.]
[41357. 38394.]
[41357. 38394.]
[41357. 38394.]
[41357. 38394.]
[41357. 38394.]
[41357. 38394.]
[41357. 38394.]
[41357. 38394.]
[41357. 38394.]
[41357. 38394.]
[41357. 38394.]
[41357. 38394.]
[41357. 38394.]
[41357. 38394.]
[41357. 38394.]
[41357. 38394.]
[41357. 38394.]
[41357. 38394.]
[41357. 38394.]
[41357. 38394.]
[41357. 38394.]
[41357. 38394.]
[41357. 38394.]
[41357. 38394.]
[41357. 38394.]
[41357. 38394.]
[41357. 38394.]
[41357. 38394.]
[41357. 38394.]
[41357. 38394.]
[41357. 38394.]
[41357. 38394.]
[41357. 38394.]
[41357. 38394.]
[41357. 38394.]
[41357. 38394.]
[41357. 38394.]
[41357. 38394.]
[41357. 38394.]
[41357. 38394.]
[41357. 38394.]
[41357. 38394.]
[41357. 38394.]
[41357. 38394.]
[41357. 38394.]
[41357. 38394.]
[41357. 38394.]
[41357. 38394.]
[41357. 38394.]
[41357. 38394.]
[41339. 38409.]
[41339. 38409.]
[41339. 38409.]
[41339. 38409.]
[41339. 38409.]
[41339. 38409.]
[41339. 38409.]
[41339. 38409.]
[41339. 38409.]
[41339. 38409.]
[41339. 38409.]
[41339. 38409.]
[41339. 38409.]
[41339. 38409.]
[41339. 38409.]
[41339. 38409.]
[41339. 38409.]
[41339. 38409.]
[41339. 38409.]
[41339. 38409.]
[41339. 38409.]
[41339. 38409.]
[41339. 38409.]
[41339. 38409.]
[41339. 38409.]
[41339. 38409.]
[41339. 38409.]
[41339. 38409.]
[41339. 38409.]
[41339. 38409.]
[41339. 38409.]
[41339. 38409.]
[41339. 38409.]
[41339. 38409.]
[41339. 38409.]
[41339. 38409.]
[41339. 38409.]
[41339. 38409.]
[41339. 38409.]
[41339. 38409.]
[41339. 38409.]
[41339. 38409.]
[41339. 38409.]
[41335. 38470.]
[41335. 38470.]
[41335. 38470.]
[41335. 38470.]
[41335. 38470.]
[41335. 38470.]
[41335. 38470.]
[41335. 38470.]
[41302. 38498.]
[41302. 38498.]
[41302. 38498.]
[41302. 38498.]
[41302. 38498.]
[41302. 38498.]
[41302. 38498.]
[41302. 38498.]
[41302. 38498.]
[41302. 38498.]
[41292. 38634.]
[41292. 38634.]
[41292. 38634.]
[41292. 38634.]
[41292. 38634.]
[41292. 38634.]
[41292. 38634.]
[41292. 38634.]
[41292. 38634.]
[41292. 38634.]
[41292. 38634.]
[41292. 38634.]
[41292. 38634.]
[41292. 38634.]
[41292. 38634.]
[41292. 38634.]
[41292. 38634.]
[41292. 38634.]
[41292. 38634.]
[41292. 38634.]
[41292. 38634.]
[41292. 38634.]
[41292. 38634.]
[41292. 38634.]
[41292. 38634.]
[41292. 38634.]
[41292. 38634.]
[41292. 38634.]
[41292. 38634.]
[41292. 38634.]
[41292. 38634.]
[41292. 38634.]
[41292. 38634.]
[41292. 38634.]
[41292. 38634.]
[41292. 38634.]
[41292. 38634.]
[41292. 38634.]
[41292. 38634.]
[41292. 38634.]
[41292. 38634.]
[41292. 38634.]
[41292. 38634.]
[41292. 38634.]
[41292. 38634.]
[41292. 38634.]
[41292. 38634.]
[41292. 38634.]
[41292. 38634.]
[41292. 38634.]
[41292. 38634.]
[41292. 38634.]
[41292. 38634.]
[41292. 38634.]
[41292. 38634.]
[41292. 38634.]
[41292. 38634.]
[41292. 38634.]
[41292. 38634.]
[41292. 38634.]
[41292. 38634.]
[41292. 38634.]
[41292. 38634.]
[41292. 38634.]
[41292. 38634.]
[41292. 38634.]
[41292. 38634.]
[41292. 38634.]
[41292. 38634.]
[41292. 38634.]
[41292. 38634.]
[41292. 38634.]
[41292. 38634.]
[41292. 38634.]
[41292. 38634.]
[41292. 38634.]
[41292. 38634.]
[41292. 38634.]
[41292. 38634.]
[41292. 38634.]
[41292. 38634.]
[41292. 38634.]
[41259. 38662.]
[41259. 38662.]
[41259. 38662.]
[41259. 38662.]
[41259. 38662.]
[41259. 38662.]
[41259. 38662.]
[41259. 38662.]
[41259. 38662.]
[41259. 38662.]
[41259. 38662.]
[41259. 38662.]
[41259. 38662.]
[41259. 38662.]
[41259. 38662.]
[41259. 38662.]
[41259. 38662.]
[41259. 38662.]
[41259. 38662.]
[41259. 38662.]
[41259. 38662.]
[41259. 38662.]
[41259. 38662.]
[41259. 38662.]
[41259. 38662.]
[41259. 38662.]
[41259. 38662.]
[41259. 38662.]
[41259. 38662.]
[41259. 38662.]
[41259. 38662.]
[41259. 38662.]
[41259. 38662.]
[41259. 38662.]
[41259. 38662.]
[41259. 38662.]
[41259. 38662.]
[41259. 38662.]
[41259. 38662.]
[41259. 38662.]
[41259. 38662.]
[41259. 38662.]
[41259. 38662.]
[41259. 38662.]
[41259. 38662.]
[41259. 38662.]
[41259. 38662.]
[41259. 38662.]
[41259. 38662.]
[41259. 38662.]
[41259. 38662.]
[41259. 38662.]
[41259. 38662.]
[41259. 38662.]
[41259. 38662.]
[41259. 38662.]
[41259. 38662.]
[41259. 38662.]
[41259. 38662.]
[41259. 38662.]
[41259. 38662.]
[41259. 38662.]
[41259. 38662.]
[41259. 38662.]
[41259. 38662.]
[41259. 38662.]
[41259. 38662.]
[41259. 38662.]
[41259. 38662.]
[41259. 38662.]
[41259. 38662.]
[41259. 38662.]
[41259. 38662.]
[41259. 38662.]
[41259. 38662.]
[41259. 38662.]
[41259. 38662.]
[41259. 38662.]
[41259. 38662.]
[41259. 38662.]
[41259. 38662.]
[41259. 38662.]
[41259. 38662.]
[41259. 38662.]
[41259. 38662.]
[41259. 38662.]
[41259. 38662.]
[41259. 38662.]
[41259. 38662.]
[41259. 38662.]
[41259. 38662.]
[41259. 38662.]
[41259. 38662.]
[41259. 38662.]
[41259. 38662.]
[41259. 38662.]
[41259. 38662.]
[41259. 38662.]
[41259. 38662.]
[41259. 38662.]
[41259. 38662.]
[41259. 38662.]
[41259. 38662.]
[41259. 38662.]
[41259. 38662.]
[41259. 38662.]
[41259. 38662.]
[41259. 38662.]
[41259. 38662.]
[41259. 38662.]
[41259. 38662.]
[41259. 38662.]
[41259. 38662.]
[41259. 38662.]
[41259. 38662.]
[41259. 38662.]
[41259. 38662.]
[41259. 38662.]
[41259. 38662.]
[41259. 38662.]
[41259. 38662.]
[41259. 38662.]
[41259. 38662.]
[41259. 38662.]
[41259. 38662.]
[41259. 38662.]
[41259. 38662.]
[41259. 38662.]
[41259. 38662.]
[41259. 38662.]
[41259. 38662.]
[41259. 38662.]
[41259. 38662.]
[41259. 38662.]
[41259. 38662.]
[41259. 38662.]
[41259. 38662.]
[41259. 38662.]
[41259. 38662.]
[41259. 38662.]
[41259. 38662.]
[41259. 38662.]
[41259. 38662.]
[41259. 38662.]
[41259. 38662.]
[41259. 38662.]
[41259. 38662.]
[41259. 38662.]
[41169. 38689.]
[41169. 38689.]
[41169. 38689.]
[41169. 38689.]
[41169. 38689.]
[41169. 38689.]
[41169. 38689.]
[41169. 38689.]
[41169. 38689.]
[41169. 38689.]
[41169. 38689.]
[41169. 38689.]
[41169. 38689.]
[41079. 38710.]
[41079. 38710.]
[41079. 38710.]
[41079. 38710.]
[41079. 38710.]
[41079. 38710.]
[41079. 38710.]
[41079. 38710.]
[41044. 38718.]
[41044. 38718.]
[41023. 38817.]
[41023. 38817.]
[41023. 38817.]
[41023. 38817.]
[41023. 38817.]
[41023. 38817.]
[40980. 38981.]
[40980. 38981.]
[40980. 38981.]
[40980. 38981.]
[40980. 38981.]
[40980. 38981.]
[40980. 38981.]
[40980. 38981.]
[40980. 38981.]
[40980. 38981.]
[40980. 38981.]
[40980. 38981.]
[40980. 38981.]
[40980. 38981.]
[40980. 38981.]
[40980. 38981.]
[40980. 38981.]
[40980. 38981.]
[40980. 38981.]
[40980. 38981.]
[40980. 38981.]
[40980. 38981.]
[40980. 38981.]
[40980. 38981.]
[40980. 38981.]
[40980. 38981.]
[40980. 38981.]
[40980. 38981.]
[40980. 38981.]
[40980. 38981.]
[40980. 38981.]
[40980. 38981.]
[40980. 38981.]
[40980. 38981.]
[40980. 38981.]
[40980. 38981.]
[40980. 38981.]
[40980. 38981.]
[40980. 38981.]
[40980. 38981.]
[40980. 38981.]
[40980. 38981.]
[40980. 38981.]
[40980. 38981.]
[40980. 38981.]
[40980. 38981.]
[40980. 38981.]
[40980. 38981.]
[40980. 38981.]
[40980. 38981.]
[40980. 38981.]
[40980. 38981.]
[40980. 38981.]
[40980. 38981.]
[40980. 38981.]
[40980. 38981.]
[40980. 38981.]
[40980. 38981.]
[40980. 38981.]
[40980. 38981.]
[40980. 38981.]
[40980. 38981.]
[40980. 38981.]
[40980. 38981.]
[40980. 38981.]
[40980. 38981.]
[40980. 38981.]
[40980. 38981.]
[40980. 38981.]
[40980. 38981.]
[40980. 38981.]
[40980. 38981.]
[40980. 38981.]
[40980. 38981.]
[40980. 38981.]
[40980. 38981.]
[40980. 38981.]
[40980. 38981.]
[40980. 38981.]
[40980. 38981.]
[40980. 38981.]
[40980. 38981.]
[40980. 38981.]
[40980. 38981.]
[40779. 39005.]
[40779. 39005.]
[40779. 39005.]
[40779. 39005.]
[40779. 39005.]
[40779. 39005.]
[40779. 39005.]
[40779. 39005.]
[40779. 39005.]
[40779. 39005.]
[40779. 39005.]
[40779. 39005.]
[40779. 39005.]
[40779. 39005.]
[40779. 39005.]
[40779. 39005.]
[40779. 39005.]
[40779. 39005.]
[40779. 39005.]
[40779. 39005.]
[40779. 39005.]
[40779. 39005.]
[40779. 39005.]
[40779. 39005.]
[40779. 39005.]
[40779. 39005.]
[40779. 39005.]
[40779. 39005.]
[40779. 39005.]
[40779. 39005.]
[40779. 39005.]
[40767. 39057.]
[40767. 39057.]
[40767. 39057.]
[40767. 39057.]
[40767. 39057.]
[40767. 39057.]
[40767. 39057.]
[40767. 39057.]
[40659. 39153.]
[40567. 39166.]
[40567. 39166.]
[40513. 39281.]
[40414. 39313.]
[40414. 39313.]
[40323. 39337.]
[40323. 39337.]
[40317. 39363.]
[40317. 39363.]
[40317. 39363.]
[40317. 39363.]
[40317. 39363.]
[40317. 39363.]
[40317. 39363.]
[40317. 39363.]
[40317. 39363.]
[40317. 39363.]
[40317. 39363.]
[40317. 39363.]
[40317. 39363.]
[40317. 39363.]
[40317. 39363.]
[40317. 39363.]
[40317. 39363.]
[40317. 39363.]
[40317. 39363.]
[40317. 39363.]
[40317. 39363.]
[40317. 39363.]
[40317. 39363.]
[40317. 39363.]
[40317. 39363.]
[40317. 39363.]
[40317. 39363.]
[40317. 39363.]
[40317. 39363.]
[40317. 39363.]
[40317. 39363.]
[40317. 39363.]
[40317. 39363.]
[40317. 39363.]
[40317. 39363.]
[40317. 39363.]
[40317. 39363.]
[40317. 39363.]
[40317. 39363.]
[40317. 39363.]
[40317. 39363.]
[40317. 39363.]
[40317. 39363.]
[40311. 39406.]
[40311. 39406.]
[40311. 39406.]
[40311. 39406.]
[40311. 39406.]
[40242. 39482.]
[40242. 39482.]
[40242. 39482.]
[40242. 39482.]
[40242. 39482.]
[40242. 39482.]
[40242. 39482.]
[40242. 39482.]
[40242. 39482.]
[40242. 39482.]
[40242. 39482.]
[40242. 39482.]
[40242. 39482.]
[40242. 39482.]
[40242. 39482.]
[40242. 39482.]
[40242. 39482.]
[40242. 39482.]
[40242. 39482.]
[40242. 39482.]
[40242. 39482.]
[40242. 39482.]
[40242. 39482.]
[40242. 39482.]
[40242. 39482.]
[40242. 39482.]
[40242. 39482.]
[40242. 39482.]
[40242. 39482.]
[40242. 39482.]
[40242. 39482.]
[40242. 39482.]
[40242. 39482.]
[40242. 39482.]
[40242. 39482.]
[40242. 39482.]
[40242. 39482.]
[40242. 39482.]
[40242. 39482.]
[40242. 39482.]
[40242. 39482.]
[40242. 39482.]
[40242. 39482.]
[40242. 39482.]
[40242. 39482.]
[40242. 39482.]
[40242. 39482.]
[40242. 39482.]
[40242. 39482.]
[40242. 39482.]
[40242. 39482.]
[40242. 39482.]
[40242. 39482.]
[40242. 39482.]
[40242. 39482.]
[40242. 39482.]
[40242. 39482.]
[40242. 39482.]
[40242. 39482.]
[40242. 39482.]
[40242. 39482.]
[40242. 39482.]
[40242. 39482.]
[40242. 39482.]
[40242. 39482.]
[40242. 39482.]
[40242. 39482.]
[40242. 39482.]
[40242. 39482.]
[40242. 39482.]
[40242. 39482.]
[40242. 39482.]
[40242. 39482.]
[40242. 39482.]
[40242. 39482.]
[40242. 39482.]
[40242. 39482.]
[40123. 39762.]
[40123. 39762.]
[39904. 39777.]
[39904. 39777.]
