NEW ITER
[32203. 30780.]
[30921. 30822.]
NEW ITER
[34911. 31504.]
[34554. 31820.]
[34371. 31870.]
[34121. 31985.]
[34067. 32287.]
[32841. 32303.]
[31455. 32826.]
NEW ITER
[37240. 33526.]
[35441. 34566.]
NEW ITER
[38704. 33574.]
[38526. 33694.]
[38483. 34089.]
[38342. 34361.]
[37882. 34881.]
[36658. 35139.]
[36393. 35320.]
[36265. 35347.]
[36224. 35410.]
[36026. 35494.]
NEW ITER
[40080. 33933.]
[40017. 34051.]
[39769. 34257.]
[39637. 34803.]
[39111. 34912.]
[38940. 34979.]
[38924. 35019.]
[38844. 35066.]
[38839. 35357.]
[38801. 35430.]
[38532. 35573.]
[38424. 35730.]
[38155. 35933.]
[38127. 36071.]
[37678. 36096.]
[37540. 36268.]
[36834. 36399.]
[36766. 36556.]
[36736. 36609.]
