NEW ITER
[31900. 29111.]
[31538. 30111.]
[29362. 31370.]
[30591. 30288.]
[30553. 30386.]
[31251. 30222.]
NEW ITER
[34580. 30995.]
[34609. 30208.]
[30960. 33200.]
[34487. 32899.]
NEW ITER
[36611. 31217.]
[36594. 31387.]
[35677. 33766.]
[35291. 34101.]
[35795. 33471.]
[36181. 33136.]
[35095. 34677.]
[36579. 32675.]
[35738. 33606.]
[35471. 33778.]
[35404. 34089.]
[35837. 33150.]
NEW ITER
[38432. 32300.]
[38192. 32922.]
[36992. 35170.]
[35837. 35610.]
[34748. 35730.]
[34692. 35848.]
[36350. 35590.]
[38043. 33330.]
[38100. 33261.]
[37460. 34867.]
[37872. 34699.]
[37914. 33747.]
NEW ITER
[39769. 34374.]
[35690. 36877.]
[37009. 36389.]
[37246. 36198.]
[37043. 36228.]
[37428. 36195.]
[36788. 36629.]
[38534. 35459.]
[39290. 34870.]
[38370. 35629.]
[38756. 35294.]
[39016. 35056.]
[38010. 35812.]
[38917. 35242.]
[38427. 35576.]
[37876. 35893.]
[38303. 35721.]
